924,-1,556,287,109,355,0.9688329,-1,-1,-1
924,-1,1104,279,157,440,0.94378877,-1,-1,-1
924,-1,387,331,45,138,0.9401422,-1,-1,-1
924,-1,448,334,49,143,0.90236354,-1,-1,-1
928,-1,399,325,53,157,0.9967854,-1,-1,-1
928,-1,580,332,46,141,0.9394457,-1,-1,-1
928,-1,789,251,143,470,0.9332352,-1,-1,-1
613,-1,449,330,53,159,0.9693359,-1,-1,-1
613,-1,408,335,48,146,0.8361621,-1,-1,-1
867,-1,463,335,60,147,0.9940767,-1,-1,-1
867,-1,548,340,54,142,0.7207939,-1,-1,-1
881,-1,843,290,119,353,0.99832517,-1,-1,-1
881,-1,360,306,51,197,0.9669279,-1,-1,-1
881,-1,503,294,101,284,0.8196329,-1,-1,-1
908,-1,630,289,99,275,0.9986203,-1,-1,-1
908,-1,396,331,58,162,0.99595237,-1,-1,-1
908,-1,930,259,144,429,0.99447435,-1,-1,-1
908,-1,504,338,55,126,0.7436946,-1,-1,-1
744,-1,451,339,57,144,0.9140494,-1,-1,-1
744,-1,555,338,51,127,0.89109266,-1,-1,-1
744,-1,1005,274,141,435,0.8132751,-1,-1,-1
593,-1,548,282,120,387,0.9872592,-1,-1,-1
593,-1,426,345,42,102,0.81853455,-1,-1,-1
395,-1,559,324,69,179,0.99821067,-1,-1,-1
509,-1,654,314,76,243,0.99120903,-1,-1,-1
509,-1,395,330,50,134,0.98223096,-1,-1,-1
509,-1,607,337,58,168,0.92733127,-1,-1,-1
94,-1,685,290,127,385,0.98533183,-1,-1,-1
94,-1,839,326,129,335,0.96630144,-1,-1,-1
94,-1,1055,327,114,310,0.9620033,-1,-1,-1
94,-1,805,326,103,310,0.82413775,-1,-1,-1
383,-1,841,280,116,341,0.9930058,-1,-1,-1
383,-1,562,331,48,139,0.97998434,-1,-1,-1
934,-1,424,312,72,209,0.99961853,-1,-1,-1
934,-1,660,315,75,241,0.9877011,-1,-1,-1
934,-1,575,345,35,104,0.8185704,-1,-1,-1
592,-1,521,292,103,349,0.8849803,-1,-1,-1
788,-1,491,334,50,125,0.7845412,-1,-1,-1
788,-1,1077,172,160,562,0.7729407,-1,-1,-1
495,-1,654,284,101,314,0.97885954,-1,-1,-1
495,-1,827,312,118,314,0.9569158,-1,-1,-1
374,-1,618,329,58,175,0.99500823,-1,-1,-1
23,-1,1031,307,114,339,0.998676,-1,-1,-1
23,-1,839,294,108,304,0.98329264,-1,-1,-1
23,-1,706,358,54,131,0.98207736,-1,-1,-1
23,-1,799,356,50,123,0.94555014,-1,-1,-1
23,-1,759,356,47,125,0.9309908,-1,-1,-1
23,-1,676,368,32,86,0.87433285,-1,-1,-1
23,-1,615,354,55,126,0.83590996,-1,-1,-1
916,-1,521,322,63,186,0.992481,-1,-1,-1
916,-1,703,311,70,229,0.98908675,-1,-1,-1
916,-1,413,316,73,224,0.9365272,-1,-1,-1
912,-1,398,328,63,186,0.9912422,-1,-1,-1
912,-1,583,295,74,247,0.98456925,-1,-1,-1
912,-1,787,295,89,288,0.93638295,-1,-1,-1
345,-1,980,249,171,429,0.985933,-1,-1,-1
727,-1,752,298,127,384,0.9564509,-1,-1,-1
727,-1,429,345,41,106,0.9060872,-1,-1,-1
727,-1,518,351,30,87,0.8159161,-1,-1,-1
727,-1,535,349,33,96,0.7304184,-1,-1,-1
49,-1,1112,303,162,418,0.9905133,-1,-1,-1
877,-1,565,335,51,137,0.96392506,-1,-1,-1
877,-1,467,310,81,222,0.93059486,-1,-1,-1
877,-1,1036,270,229,433,0.89626944,-1,-1,-1
758,-1,630,332,63,168,0.99910456,-1,-1,-1
758,-1,483,343,55,152,0.9927648,-1,-1,-1
758,-1,526,305,98,292,0.7514065,-1,-1,-1
567,-1,353,318,70,209,0.98461056,-1,-1,-1
554,-1,481,289,123,361,0.92422074,-1,-1,-1
564,-1,367,321,59,186,0.9650817,-1,-1,-1
564,-1,740,323,104,276,0.9373029,-1,-1,-1
319,-1,525,344,51,130,0.98698294,-1,-1,-1
852,-1,519,343,53,139,0.99750036,-1,-1,-1
852,-1,603,232,176,483,0.9593675,-1,-1,-1
852,-1,102,192,196,515,0.94661653,-1,-1,-1
723,-1,632,320,116,294,0.9996295,-1,-1,-1
979,-1,497,325,67,158,0.99850214,-1,-1,-1
979,-1,424,335,64,175,0.99814117,-1,-1,-1
979,-1,701,325,80,247,0.81915987,-1,-1,-1
979,-1,370,331,49,136,0.7321585,-1,-1,-1
392,-1,612,322,79,203,0.99968374,-1,-1,-1
237,-1,747,330,53,157,0.99804235,-1,-1,-1
237,-1,620,351,46,102,0.7671871,-1,-1,-1
384,-1,817,293,107,302,0.9732035,-1,-1,-1
384,-1,550,337,51,135,0.9642344,-1,-1,-1
421,-1,480,337,73,152,0.988912,-1,-1,-1
421,-1,642,329,46,145,0.9770537,-1,-1,-1
421,-1,588,334,54,142,0.95300376,-1,-1,-1
70,-1,697,313,103,313,0.99777716,-1,-1,-1
70,-1,604,330,79,212,0.9933201,-1,-1,-1
70,-1,1119,309,142,392,0.8951212,-1,-1,-1
776,-1,934,262,144,428,0.9571311,-1,-1,-1
376,-1,610,330,51,162,0.97724164,-1,-1,-1
376,-1,1138,246,146,478,0.7175674,-1,-1,-1
229,-1,671,323,69,214,0.82058924,-1,-1,-1
598,-1,928,252,160,474,0.9385269,-1,-1,-1
598,-1,407,351,38,93,0.8250685,-1,-1,-1
598,-1,601,321,96,274,0.799334,-1,-1,-1
313,-1,605,339,57,157,0.9996778,-1,-1,-1
905,-1,716,274,105,324,0.99913675,-1,-1,-1
905,-1,373,332,54,153,0.95296156,-1,-1,-1
905,-1,521,339,50,130,0.93385935,-1,-1,-1
585,-1,554,344,55,143,0.99869436,-1,-1,-1
585,-1,420,326,74,216,0.98222166,-1,-1,-1
585,-1,1014,261,127,415,0.9715244,-1,-1,-1
505,-1,392,327,53,151,0.9935787,-1,-1,-1
505,-1,704,306,105,282,0.98562336,-1,-1,-1
679,-1,420,356,35,85,0.8168936,-1,-1,-1
725,-1,681,304,115,343,0.99706894,-1,-1,-1
725,-1,597,335,50,141,0.8980379,-1,-1,-1
725,-1,428,346,40,106,0.7322076,-1,-1,-1
74,-1,939,312,125,333,0.9987319,-1,-1,-1
74,-1,639,306,113,278,0.9937736,-1,-1,-1
74,-1,589,352,52,132,0.9899463,-1,-1,-1
74,-1,528,347,56,140,0.9584145,-1,-1,-1
74,-1,789,273,139,426,0.9216951,-1,-1,-1
74,-1,758,349,58,162,0.85102546,-1,-1,-1
688,-1,431,354,38,93,0.9535579,-1,-1,-1
720,-1,528,327,111,248,0.96736443,-1,-1,-1
720,-1,638,333,59,157,0.9407016,-1,-1,-1
455,-1,530,335,53,138,0.9114763,-1,-1,-1
965,-1,944,301,105,286,0.9960574,-1,-1,-1
965,-1,337,277,112,317,0.9869506,-1,-1,-1
965,-1,715,286,112,352,0.9704174,-1,-1,-1
965,-1,606,286,114,311,0.9551806,-1,-1,-1
965,-1,433,299,75,256,0.70359796,-1,-1,-1
705,-1,917,281,148,377,0.99919873,-1,-1,-1
705,-1,417,328,69,196,0.9975789,-1,-1,-1
705,-1,354,333,52,153,0.9796744,-1,-1,-1
456,-1,530,338,52,131,0.9052852,-1,-1,-1
626,-1,613,287,106,317,0.99795294,-1,-1,-1
626,-1,539,329,75,211,0.9978873,-1,-1,-1
626,-1,445,336,53,141,0.97864974,-1,-1,-1
858,-1,554,338,58,160,0.9983551,-1,-1,-1
858,-1,106,179,211,550,0.9682958,-1,-1,-1
858,-1,1060,296,189,422,0.96816593,-1,-1,-1
858,-1,615,338,50,149,0.94277674,-1,-1,-1
858,-1,778,294,89,288,0.7328504,-1,-1,-1
858,-1,828,307,71,256,0.7186693,-1,-1,-1
887,-1,412,323,58,163,0.99134326,-1,-1,-1
887,-1,705,320,68,226,0.90538025,-1,-1,-1
219,-1,618,354,47,99,0.7484819,-1,-1,-1
321,-1,506,340,51,126,0.96679217,-1,-1,-1
89,-1,830,355,63,167,0.99735653,-1,-1,-1
89,-1,681,359,107,224,0.91713494,-1,-1,-1
89,-1,900,335,82,258,0.79706085,-1,-1,-1
768,-1,357,342,32,101,0.81905067,-1,-1,-1
433,-1,768,305,119,293,0.9986835,-1,-1,-1
52,-1,941,213,304,527,0.91308135,-1,-1,-1
52,-1,607,293,99,290,0.905071,-1,-1,-1
311,-1,629,342,54,167,0.9990363,-1,-1,-1
406,-1,841,291,137,353,0.9997098,-1,-1,-1
406,-1,705,305,75,251,0.98026836,-1,-1,-1
406,-1,470,338,57,127,0.9795278,-1,-1,-1
406,-1,759,306,65,235,0.78514105,-1,-1,-1
256,-1,609,326,75,185,0.9997466,-1,-1,-1
520,-1,837,290,152,418,0.9683885,-1,-1,-1
520,-1,514,269,149,426,0.9124223,-1,-1,-1
362,-1,507,341,55,132,0.9942532,-1,-1,-1
362,-1,811,302,91,305,0.9518492,-1,-1,-1
339,-1,423,350,51,89,0.86476004,-1,-1,-1
988,-1,505,340,64,159,0.9998703,-1,-1,-1
988,-1,1023,278,132,447,0.75238293,-1,-1,-1
368,-1,666,316,75,222,0.99780077,-1,-1,-1
773,-1,864,276,119,359,0.9984256,-1,-1,-1
743,-1,450,340,56,147,0.9303041,-1,-1,-1
636,-1,505,332,66,188,0.9982431,-1,-1,-1
636,-1,1008,263,146,415,0.9808594,-1,-1,-1
636,-1,776,294,149,408,0.9510185,-1,-1,-1
654,-1,613,340,49,136,0.76622504,-1,-1,-1
927,-1,861,300,141,352,0.9960509,-1,-1,-1
927,-1,396,332,53,149,0.9921565,-1,-1,-1
386,-1,749,296,107,274,0.81835884,-1,-1,-1
907,-1,648,279,112,296,0.99488527,-1,-1,-1
907,-1,393,327,58,164,0.991657,-1,-1,-1
907,-1,509,340,57,122,0.97553307,-1,-1,-1
907,-1,1011,262,150,436,0.86006385,-1,-1,-1
993,-1,705,301,115,316,0.99798596,-1,-1,-1
993,-1,666,329,59,174,0.96756023,-1,-1,-1
993,-1,449,337,58,144,0.96479666,-1,-1,-1
872,-1,594,331,55,153,0.9984352,-1,-1,-1
872,-1,466,328,66,170,0.9977775,-1,-1,-1
872,-1,649,313,111,334,0.98504424,-1,-1,-1
872,-1,315,275,96,295,0.9537508,-1,-1,-1
811,-1,504,333,67,144,0.99995613,-1,-1,-1
811,-1,303,281,121,278,0.99823654,-1,-1,-1
811,-1,96,188,220,529,0.953312,-1,-1,-1
972,-1,383,329,52,171,0.9853196,-1,-1,-1
972,-1,988,285,190,423,0.9704372,-1,-1,-1
972,-1,435,330,57,199,0.72714305,-1,-1,-1
267,-1,620,297,108,276,0.9993717,-1,-1,-1
315,-1,570,341,56,146,0.9821967,-1,-1,-1
251,-1,615,337,66,156,0.99993086,-1,-1,-1
405,-1,478,337,57,131,0.9858732,-1,-1,-1
405,-1,916,274,121,387,0.9804819,-1,-1,-1
405,-1,727,300,93,261,0.9323942,-1,-1,-1
544,-1,677,332,61,178,0.9997919,-1,-1,-1
544,-1,498,333,59,164,0.9986135,-1,-1,-1
544,-1,357,286,111,332,0.95389783,-1,-1,-1
544,-1,553,342,50,150,0.95245034,-1,-1,-1
890,-1,646,316,84,226,0.9496858,-1,-1,-1
890,-1,449,331,58,150,0.9379817,-1,-1,-1
365,-1,722,312,91,254,0.7947242,-1,-1,-1
407,-1,810,297,120,335,0.9959847,-1,-1,-1
407,-1,474,341,57,121,0.9440693,-1,-1,-1
407,-1,690,307,75,239,0.7479102,-1,-1,-1
491,-1,563,278,99,299,0.9955167,-1,-1,-1
491,-1,930,290,132,395,0.9739198,-1,-1,-1
689,-1,436,354,31,90,0.9690323,-1,-1,-1
689,-1,1134,288,149,450,0.9138853,-1,-1,-1
24,-1,1010,311,104,316,0.9949851,-1,-1,-1
24,-1,710,356,54,141,0.9928256,-1,-1,-1
24,-1,756,352,46,137,0.8930895,-1,-1,-1
24,-1,792,354,51,128,0.8357394,-1,-1,-1
24,-1,834,302,102,284,0.76150626,-1,-1,-1
24,-1,614,355,52,128,0.72049946,-1,-1,-1
693,-1,792,298,126,365,0.9975872,-1,-1,-1
992,-1,661,322,83,207,0.9999672,-1,-1,-1
992,-1,459,343,62,140,0.99947625,-1,-1,-1
722,-1,603,321,98,276,0.7803648,-1,-1,-1
449,-1,553,332,55,155,0.99980396,-1,-1,-1
449,-1,431,351,44,83,0.87998635,-1,-1,-1
793,-1,849,267,148,410,0.99838483,-1,-1,-1
580,-1,554,344,62,158,0.99990726,-1,-1,-1
580,-1,398,333,67,173,0.9987382,-1,-1,-1
580,-1,911,264,115,440,0.884709,-1,-1,-1
851,-1,710,338,68,190,0.99093115,-1,-1,-1
851,-1,1004,269,161,405,0.9896282,-1,-1,-1
851,-1,673,329,59,183,0.96498114,-1,-1,-1
851,-1,104,192,189,537,0.8753432,-1,-1,-1
851,-1,371,331,46,124,0.755153,-1,-1,-1
73,-1,704,358,56,149,0.8896577,-1,-1,-1
73,-1,618,319,98,257,0.830789,-1,-1,-1
73,-1,752,296,127,392,0.82149535,-1,-1,-1
73,-1,595,354,49,130,0.7403678,-1,-1,-1
217,-1,1087,183,174,558,0.9498543,-1,-1,-1
428,-1,457,340,61,130,0.9794663,-1,-1,-1
428,-1,584,334,49,127,0.9506382,-1,-1,-1
390,-1,652,310,78,235,0.9952624,-1,-1,-1
977,-1,506,316,81,191,0.9999149,-1,-1,-1
977,-1,413,322,76,206,0.9942199,-1,-1,-1
977,-1,371,330,54,148,0.94304395,-1,-1,-1
977,-1,764,324,101,285,0.9366395,-1,-1,-1
415,-1,668,326,55,168,0.9978607,-1,-1,-1
918,-1,668,317,61,197,0.9982772,-1,-1,-1
918,-1,497,324,61,176,0.9961515,-1,-1,-1
918,-1,431,310,80,243,0.7192841,-1,-1,-1
859,-1,784,294,111,332,0.9966307,-1,-1,-1
859,-1,121,176,204,557,0.99128586,-1,-1,-1
859,-1,599,337,52,154,0.9819095,-1,-1,-1
859,-1,558,342,57,162,0.97157997,-1,-1,-1
859,-1,1022,288,133,391,0.93460834,-1,-1,-1
4,-1,668,365,43,92,0.9886824,-1,-1,-1
4,-1,988,324,107,292,0.88305336,-1,-1,-1
4,-1,617,370,33,79,0.75932217,-1,-1,-1
821,-1,382,323,61,169,0.91058165,-1,-1,-1
821,-1,81,183,242,564,0.86699945,-1,-1,-1
371,-1,634,324,66,194,0.9980799,-1,-1,-1
704,-1,421,333,81,197,0.99899954,-1,-1,-1
704,-1,355,340,56,138,0.9887135,-1,-1,-1
704,-1,992,270,113,405,0.72733104,-1,-1,-1
242,-1,727,339,51,136,0.9690467,-1,-1,-1
242,-1,625,348,51,126,0.8154007,-1,-1,-1
919,-1,656,324,59,192,0.98575807,-1,-1,-1
452,-1,546,332,54,147,0.9991609,-1,-1,-1
452,-1,425,350,46,83,0.8655906,-1,-1,-1
883,-1,766,308,110,305,0.9983358,-1,-1,-1
883,-1,520,287,114,332,0.99487066,-1,-1,-1
883,-1,378,319,55,179,0.8317508,-1,-1,-1
653,-1,617,332,46,144,0.77061385,-1,-1,-1
547,-1,485,270,124,401,0.95019174,-1,-1,-1
547,-1,645,335,57,146,0.93907577,-1,-1,-1
547,-1,401,307,89,253,0.74890727,-1,-1,-1
708,-1,325,328,59,176,0.99457115,-1,-1,-1
708,-1,411,330,64,185,0.9244498,-1,-1,-1
708,-1,818,298,87,308,0.8489727,-1,-1,-1
550,-1,434,295,117,301,0.98864496,-1,-1,-1
550,-1,679,255,172,472,0.9714977,-1,-1,-1
550,-1,638,336,61,160,0.95065045,-1,-1,-1
925,-1,391,331,47,139,0.95356786,-1,-1,-1
925,-1,447,332,48,142,0.93832564,-1,-1,-1
925,-1,615,281,100,372,0.9327298,-1,-1,-1
925,-1,1030,266,113,444,0.77965444,-1,-1,-1
548,-1,642,342,49,134,0.98928237,-1,-1,-1
548,-1,525,270,134,429,0.94169736,-1,-1,-1
548,-1,422,308,105,262,0.8874323,-1,-1,-1
538,-1,556,346,64,163,0.9654664,-1,-1,-1
538,-1,468,315,71,203,0.9610816,-1,-1,-1
538,-1,500,329,77,198,0.8700018,-1,-1,-1
538,-1,405,329,57,172,0.82854605,-1,-1,-1
570,-1,619,331,76,216,0.99906474,-1,-1,-1
570,-1,379,312,77,246,0.9747054,-1,-1,-1
570,-1,683,337,52,158,0.8107116,-1,-1,-1
15,-1,828,341,59,175,0.9958152,-1,-1,-1
516,-1,575,326,68,177,0.99943787,-1,-1,-1
516,-1,981,443,137,267,0.9953176,-1,-1,-1
44,-1,588,336,75,190,0.9965,-1,-1,-1
44,-1,1010,315,122,344,0.97821087,-1,-1,-1
44,-1,813,333,114,314,0.77865994,-1,-1,-1
968,-1,369,265,135,384,0.9931867,-1,-1,-1
968,-1,1035,282,130,356,0.98703694,-1,-1,-1
968,-1,647,297,89,289,0.9563145,-1,-1,-1
968,-1,537,325,62,207,0.82902557,-1,-1,-1
968,-1,545,303,89,284,0.7816622,-1,-1,-1
300,-1,847,309,110,324,0.9989962,-1,-1,-1
17,-1,815,343,61,167,0.99667513,-1,-1,-1
17,-1,751,353,54,129,0.74951816,-1,-1,-1
17,-1,625,362,40,110,0.7147329,-1,-1,-1
334,-1,446,351,48,91,0.87379175,-1,-1,-1
458,-1,519,339,48,125,0.71732986,-1,-1,-1
457,-1,525,340,50,129,0.8770425,-1,-1,-1
542,-1,500,336,73,173,0.999869,-1,-1,-1
542,-1,708,319,69,198,0.9990326,-1,-1,-1
542,-1,310,289,105,287,0.9796429,-1,-1,-1
542,-1,551,343,57,152,0.9180823,-1,-1,-1
542,-1,402,326,60,175,0.8379944,-1,-1,-1
34,-1,587,347,71,181,0.9995028,-1,-1,-1
34,-1,780,345,63,185,0.97547287,-1,-1,-1
34,-1,835,343,55,167,0.9739735,-1,-1,-1
34,-1,752,341,66,191,0.8967071,-1,-1,-1
34,-1,700,336,70,204,0.7899184,-1,-1,-1
603,-1,765,306,106,341,0.9630916,-1,-1,-1
603,-1,410,352,37,96,0.9002581,-1,-1,-1
369,-1,655,322,69,215,0.9737704,-1,-1,-1
416,-1,541,320,85,196,0.99936837,-1,-1,-1
416,-1,658,328,57,158,0.99902296,-1,-1,-1
377,-1,606,335,53,154,0.99739707,-1,-1,-1
377,-1,1054,254,214,469,0.9720267,-1,-1,-1
738,-1,453,338,55,129,0.7567179,-1,-1,-1
954,-1,394,321,64,176,0.99954104,-1,-1,-1
954,-1,852,240,140,408,0.97077346,-1,-1,-1
954,-1,567,344,60,151,0.9704827,-1,-1,-1
954,-1,676,304,113,301,0.8810137,-1,-1,-1
954,-1,764,277,128,387,0.82102245,-1,-1,-1
605,-1,857,308,129,385,0.99564606,-1,-1,-1
605,-1,443,337,50,129,0.8605307,-1,-1,-1
605,-1,410,352,37,100,0.79997003,-1,-1,-1
93,-1,1031,337,120,294,0.9989685,-1,-1,-1
93,-1,567,351,75,202,0.95974404,-1,-1,-1
93,-1,780,330,119,308,0.9583741,-1,-1,-1
93,-1,823,381,139,280,0.9285804,-1,-1,-1
93,-1,682,302,117,338,0.787938,-1,-1,-1
882,-1,362,308,60,203,0.97932327,-1,-1,-1
882,-1,512,286,107,305,0.96933955,-1,-1,-1
882,-1,815,304,111,322,0.9648697,-1,-1,-1
382,-1,865,274,125,365,0.9980009,-1,-1,-1
382,-1,566,337,53,139,0.98622596,-1,-1,-1
475,-1,474,347,36,92,0.79695237,-1,-1,-1
939,-1,871,327,107,307,0.996995,-1,-1,-1
939,-1,461,296,96,258,0.77160233,-1,-1,-1
50,-1,738,236,193,495,0.936024,-1,-1,-1
273,-1,610,261,138,383,0.9977793,-1,-1,-1
841,-1,847,310,109,309,0.99218607,-1,-1,-1
841,-1,550,338,50,140,0.99173135,-1,-1,-1
841,-1,386,291,100,286,0.9914239,-1,-1,-1
841,-1,950,293,151,391,0.9480776,-1,-1,-1
841,-1,98,180,221,557,0.90162915,-1,-1,-1
611,-1,442,328,56,154,0.9975641,-1,-1,-1
474,-1,482,338,53,117,0.882831,-1,-1,-1
41,-1,592,340,68,180,0.99979585,-1,-1,-1
41,-1,684,314,101,304,0.9952512,-1,-1,-1
41,-1,870,327,102,275,0.9944121,-1,-1,-1
41,-1,956,323,109,272,0.9859671,-1,-1,-1
41,-1,1075,320,113,294,0.96873236,-1,-1,-1
28,-1,823,336,67,195,0.97463256,-1,-1,-1
28,-1,702,347,62,157,0.9590295,-1,-1,-1
28,-1,608,354,60,147,0.9589999,-1,-1,-1
28,-1,944,334,82,221,0.88135713,-1,-1,-1
28,-1,680,347,58,159,0.7339299,-1,-1,-1
373,-1,627,328,58,181,0.997004,-1,-1,-1
796,-1,548,324,56,155,0.99969506,-1,-1,-1
796,-1,708,287,111,314,0.9993197,-1,-1,-1
796,-1,140,178,240,550,0.99280727,-1,-1,-1
541,-1,502,335,73,174,0.9998567,-1,-1,-1
541,-1,396,324,61,174,0.9649348,-1,-1,-1
541,-1,713,325,76,205,0.9560372,-1,-1,-1
541,-1,419,330,55,158,0.86318547,-1,-1,-1
541,-1,549,342,57,151,0.7121353,-1,-1,-1
359,-1,541,328,55,155,0.9878632,-1,-1,-1
359,-1,910,286,129,381,0.9088827,-1,-1,-1
80,-1,737,350,64,163,0.9930375,-1,-1,-1
80,-1,517,343,60,166,0.98756707,-1,-1,-1
80,-1,644,436,49,83,0.9865175,-1,-1,-1
80,-1,667,355,64,149,0.9734946,-1,-1,-1
80,-1,573,341,62,163,0.94594586,-1,-1,-1
80,-1,712,357,61,152,0.89182454,-1,-1,-1
80,-1,808,299,130,394,0.8252606,-1,-1,-1
80,-1,870,307,103,339,0.78024524,-1,-1,-1
80,-1,634,359,59,147,0.7585849,-1,-1,-1
853,-1,942,282,129,345,0.99960965,-1,-1,-1
853,-1,516,335,63,150,0.998351,-1,-1,-1
853,-1,622,312,82,229,0.99631906,-1,-1,-1
853,-1,112,183,209,538,0.97561985,-1,-1,-1
853,-1,370,335,48,117,0.76707035,-1,-1,-1
853,-1,426,347,39,94,0.76435286,-1,-1,-1
540,-1,503,328,73,192,0.99919516,-1,-1,-1
540,-1,737,325,74,206,0.9974147,-1,-1,-1
540,-1,393,332,60,161,0.98976,-1,-1,-1
540,-1,430,329,53,153,0.9062916,-1,-1,-1
540,-1,291,315,103,241,0.79125255,-1,-1,-1
218,-1,952,212,198,494,0.9891558,-1,-1,-1
218,-1,618,353,51,96,0.7285389,-1,-1,-1
846,-1,596,325,58,171,0.99924856,-1,-1,-1
846,-1,373,275,133,381,0.994768,-1,-1,-1
846,-1,99,182,204,564,0.89082396,-1,-1,-1
846,-1,794,319,89,273,0.8639582,-1,-1,-1
59,-1,666,348,70,171,0.99990547,-1,-1,-1
59,-1,756,250,136,441,0.76133627,-1,-1,-1
59,-1,586,355,49,130,0.7270439,-1,-1,-1
527,-1,611,321,108,295,0.9989397,-1,-1,-1
527,-1,366,281,109,314,0.9843901,-1,-1,-1
427,-1,460,339,61,132,0.9961224,-1,-1,-1
427,-1,1068,281,201,431,0.9942042,-1,-1,-1
427,-1,594,334,48,130,0.95115286,-1,-1,-1
427,-1,567,335,49,129,0.7020419,-1,-1,-1
445,-1,565,325,67,181,0.9754346,-1,-1,-1
555,-1,1060,309,176,396,0.96770245,-1,-1,-1
555,-1,486,277,132,422,0.89352345,-1,-1,-1
333,-1,448,348,45,99,0.8969118,-1,-1,-1
528,-1,366,284,104,300,0.98618615,-1,-1,-1
528,-1,596,320,103,277,0.71857387,-1,-1,-1
893,-1,618,330,64,178,0.9997677,-1,-1,-1
893,-1,474,333,56,140,0.9985788,-1,-1,-1
893,-1,1109,190,168,542,0.8658325,-1,-1,-1
43,-1,588,327,73,206,0.9998078,-1,-1,-1
43,-1,927,324,126,321,0.9984798,-1,-1,-1
43,-1,1168,305,112,334,0.98263675,-1,-1,-1
43,-1,776,324,98,299,0.9658494,-1,-1,-1
43,-1,681,311,117,343,0.91100144,-1,-1,-1
43,-1,1012,337,108,286,0.7910468,-1,-1,-1
499,-1,393,312,70,202,0.9984609,-1,-1,-1
499,-1,767,237,201,478,0.9960283,-1,-1,-1
499,-1,941,265,140,447,0.939493,-1,-1,-1
499,-1,740,311,89,272,0.7308712,-1,-1,-1
499,-1,458,352,30,81,0.7187233,-1,-1,-1
812,-1,500,335,58,138,0.9971848,-1,-1,-1
812,-1,310,286,111,263,0.99285346,-1,-1,-1
812,-1,934,249,223,428,0.9833782,-1,-1,-1
812,-1,100,190,218,528,0.96408105,-1,-1,-1
713,-1,370,325,69,192,0.87977046,-1,-1,-1
886,-1,405,321,57,175,0.9849504,-1,-1,-1
886,-1,565,265,122,389,0.800487,-1,-1,-1
88,-1,862,344,77,214,0.99686277,-1,-1,-1
88,-1,683,365,90,199,0.9490507,-1,-1,-1
88,-1,583,327,83,235,0.82164216,-1,-1,-1
38,-1,892,341,78,220,0.8772664,-1,-1,-1
38,-1,816,339,77,226,0.7879626,-1,-1,-1
38,-1,977,324,86,247,0.7303651,-1,-1,-1
349,-1,789,279,94,307,0.98203665,-1,-1,-1
629,-1,484,338,50,147,0.9686507,-1,-1,-1
629,-1,705,261,132,420,0.956923,-1,-1,-1
629,-1,575,321,89,256,0.8400009,-1,-1,-1
559,-1,605,261,139,382,0.98020387,-1,-1,-1
559,-1,360,330,55,149,0.9562835,-1,-1,-1
559,-1,643,252,184,464,0.9462018,-1,-1,-1
559,-1,892,315,121,332,0.8356196,-1,-1,-1
393,-1,599,324,69,191,0.98051476,-1,-1,-1
241,-1,624,346,54,126,0.95001125,-1,-1,-1
241,-1,728,338,51,140,0.8619471,-1,-1,-1
714,-1,382,335,68,192,0.9993206,-1,-1,-1
714,-1,698,316,68,229,0.9635269,-1,-1,-1
539,-1,501,328,79,189,0.99703026,-1,-1,-1
539,-1,399,327,58,167,0.9767477,-1,-1,-1
539,-1,469,319,66,181,0.9718847,-1,-1,-1
539,-1,545,335,62,166,0.8006286,-1,-1,-1
268,-1,629,294,110,282,0.99882156,-1,-1,-1
873,-1,462,326,71,178,0.99988365,-1,-1,-1
873,-1,665,308,150,375,0.9962513,-1,-1,-1
873,-1,316,280,99,279,0.9698373,-1,-1,-1
873,-1,598,332,55,151,0.95960873,-1,-1,-1
296,-1,1054,294,219,411,0.99804676,-1,-1,-1
379,-1,976,259,165,447,0.99614006,-1,-1,-1
379,-1,588,331,49,148,0.9708292,-1,-1,-1
413,-1,684,327,63,183,0.9956949,-1,-1,-1
413,-1,612,320,78,212,0.98584425,-1,-1,-1
764,-1,700,317,71,212,0.9988416,-1,-1,-1
601,-1,689,315,105,310,0.9969607,-1,-1,-1
601,-1,431,338,53,120,0.9337483,-1,-1,-1
952,-1,591,343,64,164,0.99906045,-1,-1,-1
952,-1,397,324,62,158,0.9988054,-1,-1,-1
952,-1,677,336,56,148,0.9864949,-1,-1,-1
952,-1,1068,140,209,613,0.9069487,-1,-1,-1
952,-1,849,304,130,369,0.8473014,-1,-1,-1
952,-1,736,305,110,301,0.78095096,-1,-1,-1
969,-1,1097,282,144,376,0.99364567,-1,-1,-1
969,-1,509,300,111,288,0.94475275,-1,-1,-1
969,-1,386,254,144,407,0.9346783,-1,-1,-1
969,-1,615,295,83,242,0.78646886,-1,-1,-1
975,-1,418,344,67,196,0.98175675,-1,-1,-1
975,-1,531,312,69,191,0.97806954,-1,-1,-1
947,-1,566,334,54,143,0.9750299,-1,-1,-1
947,-1,1100,305,146,396,0.974309,-1,-1,-1
947,-1,397,331,48,138,0.9548039,-1,-1,-1
947,-1,688,253,146,428,0.8800222,-1,-1,-1
947,-1,995,288,132,415,0.78272927,-1,-1,-1
947,-1,661,339,64,194,0.7442143,-1,-1,-1
551,-1,459,290,118,314,0.9985826,-1,-1,-1
551,-1,396,353,32,88,0.9035397,-1,-1,-1
551,-1,791,237,141,480,0.84795153,-1,-1,-1
84,-1,785,347,72,193,0.9979533,-1,-1,-1
84,-1,710,350,61,161,0.9819303,-1,-1,-1
84,-1,578,338,69,193,0.98013663,-1,-1,-1
84,-1,655,347,66,170,0.9668314,-1,-1,-1
84,-1,869,349,64,198,0.9434941,-1,-1,-1
84,-1,1103,285,151,440,0.914439,-1,-1,-1
308,-1,672,331,58,200,0.99943537,-1,-1,-1
599,-1,640,321,90,281,0.9683553,-1,-1,-1
599,-1,1053,252,194,481,0.9504821,-1,-1,-1
599,-1,406,344,39,98,0.8098587,-1,-1,-1
599,-1,432,337,50,117,0.71951365,-1,-1,-1
260,-1,615,323,79,203,0.99964297,-1,-1,-1
270,-1,635,293,123,309,0.99858177,-1,-1,-1
731,-1,953,281,202,437,0.9978915,-1,-1,-1
731,-1,427,343,42,109,0.766999,-1,-1,-1
991,-1,467,342,62,144,0.9991009,-1,-1,-1
991,-1,781,276,127,389,0.9934342,-1,-1,-1
991,-1,426,341,54,138,0.76082563,-1,-1,-1
27,-1,705,354,55,147,0.9879126,-1,-1,-1
27,-1,821,323,75,215,0.97248274,-1,-1,-1
27,-1,951,325,103,250,0.89606506,-1,-1,-1
27,-1,613,350,58,147,0.84844065,-1,-1,-1
27,-1,762,348,53,148,0.8166642,-1,-1,-1
27,-1,783,350,56,154,0.7814969,-1,-1,-1
361,-1,520,343,49,132,0.9484931,-1,-1,-1
775,-1,928,267,128,401,0.9864574,-1,-1,-1
537,-1,427,327,54,171,0.97527564,-1,-1,-1
537,-1,555,340,63,175,0.9712995,-1,-1,-1
537,-1,500,328,76,208,0.8848877,-1,-1,-1
537,-1,469,315,70,203,0.8528628,-1,-1,-1
537,-1,776,315,93,252,0.7240164,-1,-1,-1
537,-1,334,312,71,210,0.709633,-1,-1,-1
29,-1,827,332,69,199,0.99115413,-1,-1,-1
29,-1,608,351,60,153,0.97991824,-1,-1,-1
29,-1,701,344,65,167,0.93858045,-1,-1,-1
29,-1,674,344,61,167,0.84073716,-1,-1,-1
29,-1,933,326,84,224,0.8074143,-1,-1,-1
29,-1,746,346,54,158,0.768242,-1,-1,-1
553,-1,465,290,132,360,0.99846846,-1,-1,-1
553,-1,387,353,39,88,0.92369974,-1,-1,-1
553,-1,993,227,240,482,0.78753376,-1,-1,-1
517,-1,559,326,63,169,0.9967127,-1,-1,-1
517,-1,911,436,124,272,0.9965023,-1,-1,-1
517,-1,735,240,211,476,0.9670779,-1,-1,-1
517,-1,1055,289,169,428,0.794787,-1,-1,-1
443,-1,582,325,68,190,0.9999132,-1,-1,-1
897,-1,581,338,58,149,0.999701,-1,-1,-1
398,-1,515,329,61,157,0.9996762,-1,-1,-1
398,-1,859,265,113,382,0.9255296,-1,-1,-1
815,-1,648,212,213,516,0.95659804,-1,-1,-1
815,-1,100,193,215,530,0.9455415,-1,-1,-1
815,-1,494,331,59,136,0.9124396,-1,-1,-1
815,-1,318,292,102,234,0.7867996,-1,-1,-1
465,-1,435,346,37,93,0.88582027,-1,-1,-1
646,-1,707,319,71,197,0.99586594,-1,-1,-1
646,-1,604,308,100,320,0.95400774,-1,-1,-1
586,-1,552,345,53,137,0.9938845,-1,-1,-1
586,-1,419,320,82,232,0.88230777,-1,-1,-1
586,-1,1077,270,138,426,0.76688194,-1,-1,-1
957,-1,382,317,67,198,0.99876,-1,-1,-1
957,-1,701,308,111,316,0.997633,-1,-1,-1
957,-1,1066,220,202,504,0.9766594,-1,-1,-1
957,-1,558,342,55,133,0.9671513,-1,-1,-1
97,-1,740,356,59,131,0.9994585,-1,-1,-1
97,-1,846,262,158,457,0.95308965,-1,-1,-1
97,-1,1008,276,162,432,0.7766178,-1,-1,-1
97,-1,1117,310,158,374,0.74303204,-1,-1,-1
21,-1,873,285,120,342,0.99182934,-1,-1,-1
21,-1,755,354,50,129,0.9603381,-1,-1,-1
21,-1,809,356,51,136,0.90231055,-1,-1,-1
21,-1,711,355,51,129,0.772259,-1,-1,-1
21,-1,673,366,40,92,0.7487403,-1,-1,-1
356,-1,1081,270,194,440,0.99566627,-1,-1,-1
356,-1,600,317,63,191,0.98950315,-1,-1,-1
65,-1,593,339,66,178,0.9986212,-1,-1,-1
65,-1,692,337,87,212,0.9914437,-1,-1,-1
65,-1,1117,196,163,565,0.8672325,-1,-1,-1
696,-1,642,317,97,299,0.992419,-1,-1,-1
16,-1,825,347,57,163,0.9947083,-1,-1,-1
16,-1,1114,250,166,465,0.97637296,-1,-1,-1
627,-1,470,332,53,153,0.9862099,-1,-1,-1
627,-1,656,281,109,358,0.9631746,-1,-1,-1
627,-1,551,336,75,214,0.7178841,-1,-1,-1
920,-1,461,304,98,276,0.9540098,-1,-1,-1
920,-1,645,333,54,171,0.88768584,-1,-1,-1
958,-1,778,318,71,196,0.9965146,-1,-1,-1
958,-1,906,237,215,479,0.9943288,-1,-1,-1
958,-1,553,273,109,367,0.97608817,-1,-1,-1
958,-1,1084,225,174,463,0.9664493,-1,-1,-1
958,-1,373,311,69,208,0.9438802,-1,-1,-1
72,-1,1023,307,115,382,0.9951904,-1,-1,-1
72,-1,722,314,119,353,0.9881741,-1,-1,-1
72,-1,619,327,81,233,0.8405055,-1,-1,-1
72,-1,534,352,48,132,0.74133855,-1,-1,-1
99,-1,487,315,112,293,0.9808832,-1,-1,-1
99,-1,731,352,56,133,0.8270314,-1,-1,-1
99,-1,896,327,115,288,0.7824527,-1,-1,-1
388,-1,520,341,51,118,0.79264116,-1,-1,-1
791,-1,507,336,52,129,0.991397,-1,-1,-1
96,-1,770,276,154,397,0.98519355,-1,-1,-1
96,-1,922,292,159,403,0.97960323,-1,-1,-1
96,-1,1071,327,180,377,0.9644549,-1,-1,-1
96,-1,759,367,50,133,0.83534324,-1,-1,-1
39,-1,701,323,91,271,0.91329277,-1,-1,-1
39,-1,897,333,86,235,0.812421,-1,-1,-1
39,-1,823,333,86,241,0.78212345,-1,-1,-1
39,-1,613,333,90,237,0.7754265,-1,-1,-1
39,-1,599,340,66,191,0.74482644,-1,-1,-1
648,-1,676,316,60,195,0.9853258,-1,-1,-1
81,-1,750,348,68,174,0.99441904,-1,-1,-1
81,-1,635,355,65,159,0.9863898,-1,-1,-1
81,-1,524,341,56,169,0.9786107,-1,-1,-1
81,-1,579,340,61,171,0.9754837,-1,-1,-1
81,-1,707,350,64,158,0.89895594,-1,-1,-1
81,-1,647,441,49,83,0.8822843,-1,-1,-1
81,-1,868,274,143,414,0.76744205,-1,-1,-1
20,-1,804,353,55,142,0.96032655,-1,-1,-1
20,-1,909,284,150,368,0.92249614,-1,-1,-1
20,-1,755,350,52,131,0.916017,-1,-1,-1
20,-1,1068,267,167,460,0.8836561,-1,-1,-1
20,-1,675,365,36,96,0.8055537,-1,-1,-1
960,-1,912,208,135,472,0.96263605,-1,-1,-1
960,-1,531,294,87,314,0.90709746,-1,-1,-1
960,-1,755,245,155,466,0.87683064,-1,-1,-1
960,-1,355,302,74,233,0.75534785,-1,-1,-1
941,-1,492,281,105,295,0.9937162,-1,-1,-1
941,-1,612,337,57,170,0.95185375,-1,-1,-1
941,-1,363,329,52,125,0.8629999,-1,-1,-1
941,-1,794,338,92,277,0.85634863,-1,-1,-1
258,-1,612,325,74,198,0.9986419,-1,-1,-1
430,-1,458,342,57,122,0.8671183,-1,-1,-1
430,-1,892,299,148,355,0.8126695,-1,-1,-1
594,-1,591,278,130,417,0.9629157,-1,-1,-1
594,-1,397,350,42,88,0.78925663,-1,-1,-1
594,-1,429,343,42,113,0.77976584,-1,-1,-1
594,-1,515,319,71,237,0.7526843,-1,-1,-1
493,-1,861,296,129,356,0.99790907,-1,-1,-1
493,-1,490,292,102,259,0.9872213,-1,-1,-1
493,-1,623,294,86,277,0.97756517,-1,-1,-1
234,-1,742,327,55,174,0.98781186,-1,-1,-1
234,-1,617,352,50,100,0.8258758,-1,-1,-1
866,-1,657,321,67,198,0.9896254,-1,-1,-1
866,-1,470,335,53,141,0.9787417,-1,-1,-1
866,-1,742,323,79,241,0.94206506,-1,-1,-1
385,-1,783,292,107,296,0.9992901,-1,-1,-1
385,-1,540,339,50,129,0.9022725,-1,-1,-1
447,-1,555,328,58,167,0.9997204,-1,-1,-1
447,-1,426,352,54,84,0.8228037,-1,-1,-1
22,-1,856,287,116,343,0.99715483,-1,-1,-1
22,-1,799,357,51,129,0.972727,-1,-1,-1
22,-1,756,356,49,128,0.9655604,-1,-1,-1
22,-1,1037,300,121,377,0.96234274,-1,-1,-1
22,-1,709,356,51,129,0.86564606,-1,-1,-1
942,-1,615,339,51,156,0.9047427,-1,-1,-1
942,-1,371,329,45,125,0.7194212,-1,-1,-1
479,-1,555,333,54,134,0.99591285,-1,-1,-1
798,-1,576,323,62,171,0.99494714,-1,-1,-1
798,-1,86,181,248,552,0.9762247,-1,-1,-1
798,-1,654,296,102,278,0.9600411,-1,-1,-1
860,-1,133,183,193,552,0.9891573,-1,-1,-1
860,-1,579,335,59,176,0.9849028,-1,-1,-1
860,-1,824,283,147,388,0.9779284,-1,-1,-1
860,-1,948,306,131,346,0.9501346,-1,-1,-1
860,-1,406,343,41,101,0.71758366,-1,-1,-1
763,-1,694,315,66,216,0.82273656,-1,-1,-1
763,-1,574,270,109,377,0.81385076,-1,-1,-1
857,-1,543,337,65,164,0.9996363,-1,-1,-1
857,-1,716,294,110,308,0.9986584,-1,-1,-1
857,-1,609,332,62,163,0.99240476,-1,-1,-1
857,-1,101,173,222,565,0.96242124,-1,-1,-1
702,-1,1094,264,180,440,0.9917657,-1,-1,-1
702,-1,452,322,84,226,0.97504956,-1,-1,-1
864,-1,579,326,95,220,0.9951769,-1,-1,-1
864,-1,478,332,53,134,0.919633,-1,-1,-1
310,-1,640,338,63,176,0.99985313,-1,-1,-1
545,-1,660,329,65,171,0.99990714,-1,-1,-1
545,-1,384,276,125,359,0.99878997,-1,-1,-1
545,-1,506,341,60,150,0.99338406,-1,-1,-1
545,-1,549,346,51,142,0.9167403,-1,-1,-1
695,-1,676,307,105,324,0.9833893,-1,-1,-1
695,-1,424,342,49,125,0.8280242,-1,-1,-1
477,-1,468,349,37,89,0.84804684,-1,-1,-1
477,-1,531,330,59,130,0.73628473,-1,-1,-1
568,-1,654,329,79,243,0.9575934,-1,-1,-1
568,-1,354,314,71,231,0.93245214,-1,-1,-1
652,-1,634,328,46,152,0.9187186,-1,-1,-1
644,-1,750,310,72,225,0.997271,-1,-1,-1
3,-1,1030,309,113,319,0.9991246,-1,-1,-1
3,-1,669,367,40,85,0.93632275,-1,-1,-1
3,-1,619,367,35,84,0.81490576,-1,-1,-1
75,-1,647,309,114,290,0.99111724,-1,-1,-1
75,-1,587,353,56,132,0.98996407,-1,-1,-1
75,-1,526,345,55,149,0.96702987,-1,-1,-1
75,-1,843,288,145,385,0.8882808,-1,-1,-1
75,-1,922,315,100,302,0.8732938,-1,-1,-1
616,-1,468,322,68,192,0.9992599,-1,-1,-1
616,-1,410,337,55,149,0.9904454,-1,-1,-1
498,-1,391,306,73,208,0.98607546,-1,-1,-1
869,-1,458,326,63,161,0.9997867,-1,-1,-1
869,-1,292,258,118,346,0.9837678,-1,-1,-1
869,-1,609,327,98,265,0.9565822,-1,-1,-1
869,-1,684,336,64,202,0.72957474,-1,-1,-1
460,-1,506,340,51,119,0.9026648,-1,-1,-1
995,-1,653,304,101,279,0.96915954,-1,-1,-1
995,-1,995,273,144,427,0.95407486,-1,-1,-1
995,-1,456,340,52,133,0.88593507,-1,-1,-1
40,-1,597,339,63,177,0.9989737,-1,-1,-1
40,-1,695,323,96,281,0.9894879,-1,-1,-1
40,-1,1044,322,94,271,0.96330553,-1,-1,-1
40,-1,859,324,94,265,0.8847326,-1,-1,-1
40,-1,936,334,81,244,0.72863466,-1,-1,-1
762,-1,666,317,69,199,0.9978527,-1,-1,-1
762,-1,477,345,53,133,0.96323276,-1,-1,-1
762,-1,567,278,106,367,0.94927025,-1,-1,-1
225,-1,662,285,91,289,0.83656937,-1,-1,-1
597,-1,582,328,80,229,0.9555179,-1,-1,-1
597,-1,840,257,144,476,0.9285151,-1,-1,-1
879,-1,330,306,80,206,0.9809534,-1,-1,-1
879,-1,942,291,153,394,0.97747654,-1,-1,-1
879,-1,480,305,99,256,0.95895517,-1,-1,-1
879,-1,557,330,48,136,0.7602654,-1,-1,-1
380,-1,932,266,143,433,0.98416936,-1,-1,-1
380,-1,583,336,52,141,0.92391145,-1,-1,-1
983,-1,590,322,73,204,0.99492645,-1,-1,-1
983,-1,918,300,110,329,0.95101076,-1,-1,-1
983,-1,427,341,51,145,0.9163067,-1,-1,-1
54,-1,466,258,204,465,0.9979938,-1,-1,-1
54,-1,652,292,116,341,0.9307933,-1,-1,-1
935,-1,434,309,76,218,0.99755824,-1,-1,-1
767,-1,679,234,150,498,0.9745175,-1,-1,-1
137,-1,561,354,29,86,0.70843065,-1,-1,-1
245,-1,623,344,53,135,0.99341583,-1,-1,-1
245,-1,712,342,49,126,0.71618867,-1,-1,-1
281,-1,900,203,250,515,0.9903204,-1,-1,-1
896,-1,592,344,53,149,0.99854577,-1,-1,-1
938,-1,613,329,67,196,0.9914903,-1,-1,-1
938,-1,454,303,87,241,0.9172802,-1,-1,-1
938,-1,923,315,101,338,0.87804407,-1,-1,-1
938,-1,372,339,40,107,0.80827636,-1,-1,-1
57,-1,666,350,64,159,0.997995,-1,-1,-1
57,-1,714,278,126,380,0.9249594,-1,-1,-1
619,-1,500,311,76,228,0.99865496,-1,-1,-1
619,-1,439,338,62,166,0.9986482,-1,-1,-1
62,-1,584,349,57,147,0.99831176,-1,-1,-1
62,-1,678,345,73,192,0.89111865,-1,-1,-1
62,-1,838,242,160,473,0.82007796,-1,-1,-1
799,-1,782,223,177,492,0.9950023,-1,-1,-1
799,-1,80,185,240,545,0.9509011,-1,-1,-1
799,-1,593,324,61,190,0.94142365,-1,-1,-1
799,-1,616,307,93,257,0.8611154,-1,-1,-1
232,-1,717,321,65,188,0.946971,-1,-1,-1
232,-1,619,355,52,102,0.89459455,-1,-1,-1
609,-1,439,331,56,147,0.994972,-1,-1,-1
609,-1,1143,278,136,446,0.7866786,-1,-1,-1
984,-1,835,310,172,324,0.99998236,-1,-1,-1
984,-1,574,331,66,195,0.99533516,-1,-1,-1
984,-1,426,345,54,140,0.9438196,-1,-1,-1
454,-1,534,334,56,142,0.9814099,-1,-1,-1
734,-1,439,336,50,126,0.88220716,-1,-1,-1
734,-1,533,343,36,105,0.7572313,-1,-1,-1
734,-1,391,345,39,105,0.7409711,-1,-1,-1
721,-1,573,326,99,264,0.90517247,-1,-1,-1
656,-1,597,332,46,136,0.7673605,-1,-1,-1
502,-1,391,314,62,180,0.99973303,-1,-1,-1
502,-1,781,286,122,357,0.999027,-1,-1,-1
955,-1,390,320,63,177,0.9992855,-1,-1,-1
955,-1,557,340,57,149,0.9958664,-1,-1,-1
955,-1,792,269,119,369,0.9360568,-1,-1,-1
901,-1,556,336,54,141,0.9928536,-1,-1,-1
901,-1,357,334,52,134,0.8920953,-1,-1,-1
825,-1,358,280,120,299,0.99830014,-1,-1,-1
825,-1,97,194,219,539,0.9133064,-1,-1,-1
825,-1,463,332,58,151,0.8819449,-1,-1,-1
826,-1,470,324,62,159,0.99908435,-1,-1,-1
826,-1,364,292,98,278,0.9290243,-1,-1,-1
826,-1,93,188,222,549,0.88556486,-1,-1,-1
507,-1,395,329,53,142,0.9973018,-1,-1,-1
507,-1,617,327,67,201,0.98971736,-1,-1,-1
673,-1,422,352,33,84,0.81702363,-1,-1,-1
813,-1,495,338,58,136,0.9877506,-1,-1,-1
813,-1,315,290,104,251,0.9688023,-1,-1,-1
813,-1,100,188,217,534,0.962125,-1,-1,-1
813,-1,1057,256,173,456,0.78570074,-1,-1,-1
898,-1,577,340,54,145,0.989965,-1,-1,-1
898,-1,1086,222,186,496,0.9802444,-1,-1,-1
732,-1,1067,284,185,442,0.96538657,-1,-1,-1
732,-1,431,343,39,111,0.8366516,-1,-1,-1
231,-1,706,317,69,200,0.99383485,-1,-1,-1
231,-1,617,357,48,94,0.79284614,-1,-1,-1
431,-1,856,289,121,349,0.99947935,-1,-1,-1
543,-1,491,333,71,177,0.9994005,-1,-1,-1
543,-1,326,283,108,309,0.9846912,-1,-1,-1
543,-1,691,323,68,183,0.9814922,-1,-1,-1
543,-1,555,342,54,148,0.9439633,-1,-1,-1
543,-1,408,323,58,176,0.81420547,-1,-1,-1
490,-1,966,277,140,432,0.85892224,-1,-1,-1
490,-1,572,289,101,285,0.83134305,-1,-1,-1
370,-1,653,326,60,201,0.74033046,-1,-1,-1
834,-1,380,317,73,198,0.97717184,-1,-1,-1
834,-1,94,177,215,571,0.931096,-1,-1,-1
834,-1,475,314,83,208,0.8121256,-1,-1,-1
602,-1,738,319,100,320,0.9581997,-1,-1,-1
602,-1,437,336,51,122,0.8017084,-1,-1,-1
602,-1,411,345,38,98,0.7227954,-1,-1,-1
375,-1,617,329,53,164,0.86752844,-1,-1,-1
830,-1,389,323,59,169,0.9937688,-1,-1,-1
830,-1,94,184,217,553,0.8335676,-1,-1,-1
862,-1,576,328,72,199,0.99919873,-1,-1,-1
862,-1,847,320,106,297,0.9923144,-1,-1,-1
862,-1,207,184,148,528,0.92101383,-1,-1,-1
862,-1,721,314,70,225,0.8502559,-1,-1,-1
133,-1,623,363,51,89,0.79745173,-1,-1,-1
136,-1,612,368,40,79,0.79266155,-1,-1,-1
414,-1,674,329,64,171,0.99988115,-1,-1,-1
414,-1,581,313,86,221,0.9963003,-1,-1,-1
318,-1,534,341,55,134,0.9025855,-1,-1,-1
526,-1,629,307,108,313,0.9989478,-1,-1,-1
526,-1,372,280,112,331,0.9966426,-1,-1,-1
526,-1,521,340,50,123,0.80503255,-1,-1,-1
264,-1,602,309,103,251,0.9238658,-1,-1,-1
340,-1,429,351,41,87,0.76433784,-1,-1,-1
360,-1,854,287,126,360,0.9987081,-1,-1,-1
360,-1,531,339,53,141,0.8896766,-1,-1,-1
348,-1,833,269,103,341,0.78211796,-1,-1,-1
423,-1,471,338,66,144,0.99989676,-1,-1,-1
423,-1,589,331,50,141,0.9445588,-1,-1,-1
423,-1,630,332,47,138,0.91043997,-1,-1,-1
789,-1,897,201,239,514,0.95243204,-1,-1,-1
404,-1,949,281,175,392,0.99912566,-1,-1,-1
404,-1,478,341,60,131,0.9868439,-1,-1,-1
716,-1,664,325,68,200,0.99610496,-1,-1,-1
716,-1,425,331,74,210,0.99406934,-1,-1,-1
921,-1,642,324,53,169,0.9954065,-1,-1,-1
921,-1,493,300,99,286,0.9294841,-1,-1,-1
85,-1,580,331,79,209,0.9969409,-1,-1,-1
85,-1,662,350,70,166,0.9948266,-1,-1,-1
85,-1,705,350,58,150,0.9715566,-1,-1,-1
85,-1,798,346,77,202,0.9540448,-1,-1,-1
85,-1,870,355,60,184,0.9419103,-1,-1,-1
85,-1,544,338,60,183,0.75440884,-1,-1,-1
532,-1,855,285,130,371,0.99672806,-1,-1,-1
532,-1,336,323,65,188,0.98471916,-1,-1,-1
808,-1,528,328,63,161,0.9502068,-1,-1,-1
808,-1,751,286,107,301,0.915769,-1,-1,-1
808,-1,89,184,233,551,0.914656,-1,-1,-1
808,-1,351,276,120,313,0.7791779,-1,-1,-1
298,-1,947,290,124,383,0.9935541,-1,-1,-1
301,-1,804,311,101,296,0.9949156,-1,-1,-1
849,-1,743,324,78,227,0.9917923,-1,-1,-1
849,-1,1131,266,143,437,0.9505603,-1,-1,-1
849,-1,438,261,143,428,0.93770826,-1,-1,-1
849,-1,95,181,211,562,0.90398085,-1,-1,-1
849,-1,371,338,47,122,0.8715976,-1,-1,-1
849,-1,686,330,68,203,0.8016559,-1,-1,-1
900,-1,560,336,54,141,0.99246806,-1,-1,-1
900,-1,917,246,180,432,0.95448273,-1,-1,-1
900,-1,365,337,46,129,0.7609202,-1,-1,-1
999,-1,584,321,72,230,0.9907369,-1,-1,-1
999,-1,836,315,105,293,0.93851024,-1,-1,-1
573,-1,580,334,71,205,0.9969688,-1,-1,-1
573,-1,713,322,62,177,0.97843057,-1,-1,-1
573,-1,374,343,51,132,0.86623317,-1,-1,-1
60,-1,670,340,75,179,0.9998466,-1,-1,-1
60,-1,581,348,56,139,0.9909931,-1,-1,-1
60,-1,772,250,133,450,0.82635766,-1,-1,-1
861,-1,738,314,81,230,0.9975273,-1,-1,-1
861,-1,572,332,73,187,0.9947089,-1,-1,-1
861,-1,173,184,171,546,0.9763509,-1,-1,-1
861,-1,913,274,131,403,0.87638324,-1,-1,-1
394,-1,577,320,70,184,0.9996909,-1,-1,-1
394,-1,1089,244,175,478,0.9850536,-1,-1,-1
677,-1,416,355,39,85,0.94846696,-1,-1,-1
401,-1,501,332,59,145,0.9981717,-1,-1,-1
401,-1,788,278,99,327,0.9909769,-1,-1,-1
277,-1,641,225,151,467,0.9158531,-1,-1,-1
533,-1,332,319,59,183,0.9714755,-1,-1,-1
533,-1,545,328,84,233,0.8451919,-1,-1,-1
533,-1,822,280,135,369,0.8328255,-1,-1,-1
533,-1,411,310,77,227,0.749153,-1,-1,-1
962,-1,581,320,72,201,0.992492,-1,-1,-1
962,-1,497,295,93,290,0.9602141,-1,-1,-1
962,-1,660,268,155,387,0.9310086,-1,-1,-1
962,-1,1001,338,162,379,0.9278904,-1,-1,-1
962,-1,790,263,145,359,0.8554438,-1,-1,-1
962,-1,911,319,65,214,0.8223528,-1,-1,-1
962,-1,343,293,96,256,0.7523935,-1,-1,-1
358,-1,563,322,60,171,0.9963341,-1,-1,-1
358,-1,948,282,149,389,0.9425976,-1,-1,-1
902,-1,822,264,146,379,0.9326258,-1,-1,-1
902,-1,366,334,48,136,0.9315075,-1,-1,-1
902,-1,547,338,50,138,0.8907058,-1,-1,-1
1,-1,1037,312,112,322,0.9987716,-1,-1,-1
1,-1,672,368,37,83,0.9546831,-1,-1,-1
451,-1,551,331,56,148,0.9998791,-1,-1,-1
451,-1,428,349,43,84,0.92551357,-1,-1,-1
710,-1,330,326,60,184,0.95402354,-1,-1,-1
710,-1,412,331,57,173,0.8266938,-1,-1,-1
577,-1,390,331,64,163,0.99994063,-1,-1,-1
577,-1,559,335,63,183,0.9983865,-1,-1,-1
577,-1,607,290,136,385,0.99683386,-1,-1,-1
577,-1,775,314,69,228,0.79409534,-1,-1,-1
694,-1,739,301,100,337,0.9097029,-1,-1,-1
777,-1,981,275,181,432,0.99589217,-1,-1,-1
630,-1,763,256,134,435,0.96545726,-1,-1,-1
630,-1,579,328,97,262,0.7867715,-1,-1,-1
347,-1,872,266,126,365,0.9962174,-1,-1,-1
885,-1,545,278,129,372,0.998038,-1,-1,-1
885,-1,397,318,56,174,0.9968845,-1,-1,-1
885,-1,715,308,101,268,0.92356277,-1,-1,-1
248,-1,626,344,56,142,0.997755,-1,-1,-1
632,-1,511,335,58,164,0.9993026,-1,-1,-1
632,-1,597,313,100,325,0.9680607,-1,-1,-1
108,-1,686,269,171,453,0.7586926,-1,-1,-1
441,-1,613,320,67,212,0.9915809,-1,-1,-1
366,-1,696,314,87,240,0.86745644,-1,-1,-1
68,-1,690,324,102,267,0.99366283,-1,-1,-1
68,-1,606,335,69,195,0.8170157,-1,-1,-1
396,-1,538,323,65,171,0.9998908,-1,-1,-1
396,-1,954,247,143,443,0.960712,-1,-1,-1
645,-1,583,321,97,291,0.8941452,-1,-1,-1
228,-1,663,309,71,229,0.86342,-1,-1,-1
863,-1,581,330,81,203,0.9977709,-1,-1,-1
863,-1,704,327,69,189,0.978734,-1,-1,-1
863,-1,1118,258,151,456,0.91224784,-1,-1,-1
863,-1,814,324,94,281,0.7261815,-1,-1,-1
37,-1,590,342,75,211,0.9906246,-1,-1,-1
37,-1,859,343,77,214,0.97715956,-1,-1,-1
37,-1,788,343,76,204,0.9140308,-1,-1,-1
37,-1,656,364,39,97,0.79352564,-1,-1,-1
37,-1,703,339,80,232,0.7449138,-1,-1,-1
77,-1,687,302,117,325,0.9956943,-1,-1,-1
77,-1,519,338,58,170,0.9937191,-1,-1,-1
77,-1,584,348,57,152,0.9923413,-1,-1,-1
77,-1,635,358,57,141,0.95595944,-1,-1,-1
77,-1,985,269,191,445,0.8949561,-1,-1,-1
77,-1,790,331,92,255,0.81918013,-1,-1,-1
77,-1,887,322,95,264,0.74988484,-1,-1,-1
558,-1,925,314,140,362,0.9998134,-1,-1,-1
558,-1,361,335,51,131,0.7472856,-1,-1,-1
558,-1,475,344,57,114,0.721121,-1,-1,-1
399,-1,502,333,63,149,0.99997056,-1,-1,-1
399,-1,814,274,110,359,0.9028104,-1,-1,-1
399,-1,889,276,100,350,0.88328546,-1,-1,-1
515,-1,584,333,66,172,0.9998379,-1,-1,-1
515,-1,899,229,286,484,0.99233466,-1,-1,-1
515,-1,1099,411,151,293,0.9043893,-1,-1,-1
32,-1,786,339,68,188,0.9974383,-1,-1,-1
32,-1,594,344,65,175,0.995739,-1,-1,-1
32,-1,863,338,72,196,0.9921342,-1,-1,-1
32,-1,707,344,68,186,0.9843167,-1,-1,-1
32,-1,913,344,69,178,0.9810674,-1,-1,-1
32,-1,671,365,34,88,0.93786615,-1,-1,-1
32,-1,745,344,60,177,0.8983452,-1,-1,-1
717,-1,660,325,63,194,0.99519414,-1,-1,-1
638,-1,504,327,68,208,0.9895639,-1,-1,-1
638,-1,968,270,163,449,0.9769249,-1,-1,-1
638,-1,916,284,119,362,0.8900156,-1,-1,-1
931,-1,1113,226,167,490,0.9551976,-1,-1,-1
931,-1,410,324,56,172,0.90833604,-1,-1,-1
931,-1,555,336,48,128,0.766671,-1,-1,-1
432,-1,812,300,101,318,0.9435555,-1,-1,-1
964,-1,629,281,110,330,0.9970311,-1,-1,-1
964,-1,341,280,101,296,0.9621548,-1,-1,-1
964,-1,928,311,99,264,0.94931257,-1,-1,-1
964,-1,775,293,150,399,0.9114162,-1,-1,-1
964,-1,729,280,112,309,0.84893125,-1,-1,-1
964,-1,459,304,80,246,0.75599825,-1,-1,-1
964,-1,588,328,71,204,0.74942166,-1,-1,-1
31,-1,592,349,64,160,0.9958663,-1,-1,-1
31,-1,702,349,69,171,0.9878804,-1,-1,-1
31,-1,794,340,66,178,0.9483428,-1,-1,-1
31,-1,878,337,73,198,0.85306907,-1,-1,-1
253,-1,614,334,69,168,0.9999423,-1,-1,-1
492,-1,879,302,133,353,0.8692858,-1,-1,-1
492,-1,617,299,75,250,0.86757064,-1,-1,-1
76,-1,586,352,52,141,0.98487955,-1,-1,-1
76,-1,530,344,52,151,0.95146704,-1,-1,-1
76,-1,654,312,113,291,0.86405003,-1,-1,-1
76,-1,886,263,184,462,0.76839,-1,-1,-1
76,-1,630,353,54,142,0.7408781,-1,-1,-1
127,-1,643,361,59,96,0.81107855,-1,-1,-1
745,-1,452,332,63,160,0.9630999,-1,-1,-1
745,-1,558,335,50,131,0.81679857,-1,-1,-1
719,-1,651,323,57,176,0.8445273,-1,-1,-1
463,-1,412,343,40,87,0.8979223,-1,-1,-1
888,-1,434,328,54,158,0.99864215,-1,-1,-1
888,-1,594,260,168,459,0.9670656,-1,-1,-1
353,-1,662,307,71,226,0.99669397,-1,-1,-1
104,-1,1074,310,177,393,0.96497667,-1,-1,-1
104,-1,495,288,148,414,0.92321914,-1,-1,-1
233,-1,732,319,66,196,0.9192568,-1,-1,-1
233,-1,617,352,53,103,0.8365391,-1,-1,-1
591,-1,479,295,108,327,0.99742764,-1,-1,-1
804,-1,558,320,63,188,0.98528975,-1,-1,-1
804,-1,456,261,123,392,0.98528606,-1,-1,-1
804,-1,672,310,75,228,0.96595275,-1,-1,-1
804,-1,78,182,234,563,0.81801265,-1,-1,-1
578,-1,394,328,64,170,0.99947006,-1,-1,-1
578,-1,562,339,62,179,0.99847597,-1,-1,-1
578,-1,687,280,138,389,0.9922472,-1,-1,-1
578,-1,473,352,37,93,0.84956616,-1,-1,-1
488,-1,545,305,78,206,0.9993414,-1,-1,-1
488,-1,1070,275,198,449,0.9953413,-1,-1,-1
269,-1,634,291,111,303,0.99817705,-1,-1,-1
953,-1,396,323,66,166,0.99909496,-1,-1,-1
953,-1,580,345,56,152,0.9976936,-1,-1,-1
953,-1,941,252,181,464,0.9965693,-1,-1,-1
953,-1,717,306,94,289,0.9854484,-1,-1,-1
895,-1,603,336,56,162,0.9915173,-1,-1,-1
895,-1,483,331,52,134,0.9463751,-1,-1,-1
759,-1,485,339,52,152,0.98196155,-1,-1,-1
759,-1,540,296,98,315,0.9586295,-1,-1,-1
759,-1,641,333,58,165,0.94518065,-1,-1,-1
363,-1,753,310,117,292,0.9376607,-1,-1,-1
363,-1,500,343,51,128,0.8692267,-1,-1,-1
989,-1,935,278,136,402,0.99341726,-1,-1,-1
989,-1,503,341,55,153,0.96416,-1,-1,-1
989,-1,715,327,99,233,0.91975105,-1,-1,-1
805,-1,545,318,64,183,0.99961746,-1,-1,-1
805,-1,695,307,72,239,0.89416385,-1,-1,-1
805,-1,79,178,243,559,0.8017289,-1,-1,-1
484,-1,562,323,63,168,0.99920684,-1,-1,-1
91,-1,615,304,115,302,0.99725217,-1,-1,-1
91,-1,586,341,64,196,0.88567865,-1,-1,-1
91,-1,743,331,66,176,0.8549438,-1,-1,-1
91,-1,974,338,96,254,0.84120905,-1,-1,-1
91,-1,730,357,108,250,0.76635665,-1,-1,-1
244,-1,624,349,53,127,0.9804253,-1,-1,-1
244,-1,718,341,50,126,0.8650947,-1,-1,-1
682,-1,428,356,36,91,0.9686392,-1,-1,-1
83,-1,775,345,74,194,0.9947482,-1,-1,-1
83,-1,580,339,70,189,0.99337655,-1,-1,-1
83,-1,861,347,71,207,0.97709626,-1,-1,-1
83,-1,527,343,68,179,0.96247435,-1,-1,-1
83,-1,1067,265,184,464,0.9375449,-1,-1,-1
83,-1,644,360,65,171,0.91655403,-1,-1,-1
83,-1,1007,308,118,349,0.914595,-1,-1,-1
83,-1,702,356,63,166,0.81952447,-1,-1,-1
514,-1,1079,219,204,485,0.9811276,-1,-1,-1
514,-1,611,330,63,179,0.9516463,-1,-1,-1
486,-1,551,319,64,181,0.99962807,-1,-1,-1
486,-1,747,246,158,439,0.81310356,-1,-1,-1
529,-1,370,287,98,288,0.9839791,-1,-1,-1
529,-1,1013,288,227,462,0.7642341,-1,-1,-1
742,-1,451,341,52,142,0.92901933,-1,-1,-1
909,-1,396,328,63,170,0.99254465,-1,-1,-1
909,-1,902,269,105,370,0.8694549,-1,-1,-1
909,-1,605,286,90,267,0.81344545,-1,-1,-1
998,-1,874,316,108,301,0.9988925,-1,-1,-1
761,-1,662,318,65,192,0.998386,-1,-1,-1
761,-1,557,283,112,351,0.98668706,-1,-1,-1
761,-1,481,343,48,137,0.92060184,-1,-1,-1
344,-1,1064,225,198,501,0.9554918,-1,-1,-1
631,-1,789,254,178,468,0.99856335,-1,-1,-1
631,-1,495,333,58,167,0.98616195,-1,-1,-1
803,-1,660,309,69,224,0.99784935,-1,-1,-1
803,-1,496,256,148,413,0.96764404,-1,-1,-1
803,-1,90,204,232,518,0.9015985,-1,-1,-1
868,-1,455,327,63,154,0.9979976,-1,-1,-1
868,-1,699,346,73,192,0.99533963,-1,-1,-1
868,-1,292,263,113,341,0.7987839,-1,-1,-1
911,-1,401,325,59,187,0.98204964,-1,-1,-1
911,-1,823,294,93,299,0.91266054,-1,-1,-1
119,-1,-6,25,277,731,0.79445153,-1,-1,-1
637,-1,504,334,63,195,0.9954912,-1,-1,-1
637,-1,951,280,127,387,0.9121192,-1,-1,-1
637,-1,858,300,137,417,0.8616644,-1,-1,-1
889,-1,447,328,56,161,0.98261446,-1,-1,-1
889,-1,675,238,142,487,0.935818,-1,-1,-1
552,-1,464,291,119,340,0.9987735,-1,-1,-1
552,-1,390,351,35,91,0.84460413,-1,-1,-1
994,-1,452,340,55,138,0.90013885,-1,-1,-1
994,-1,638,330,63,185,0.74133587,-1,-1,-1
871,-1,462,327,63,167,0.99981016,-1,-1,-1
871,-1,618,313,116,327,0.9991646,-1,-1,-1
871,-1,300,271,107,305,0.978519,-1,-1,-1
871,-1,595,328,57,151,0.8415628,-1,-1,-1
753,-1,597,325,68,204,0.95532864,-1,-1,-1
753,-1,372,342,34,105,0.8461309,-1,-1,-1
753,-1,468,314,76,227,0.7378233,-1,-1,-1
940,-1,481,284,102,278,0.9882008,-1,-1,-1
940,-1,614,328,57,183,0.78156424,-1,-1,-1
801,-1,577,321,81,207,0.99145716,-1,-1,-1
801,-1,600,232,166,481,0.9568073,-1,-1,-1
801,-1,91,191,231,530,0.91994727,-1,-1,-1
741,-1,452,336,53,142,0.8285241,-1,-1,-1
425,-1,469,343,61,130,0.9994553,-1,-1,-1
425,-1,604,333,48,134,0.95408326,-1,-1,-1
621,-1,456,331,67,184,0.99938595,-1,-1,-1
621,-1,531,301,81,261,0.85509574,-1,-1,-1
756,-1,622,328,51,162,0.9843423,-1,-1,-1
525,-1,383,268,120,362,0.99759275,-1,-1,-1
525,-1,646,308,106,305,0.9968225,-1,-1,-1
525,-1,557,338,50,127,0.71484715,-1,-1,-1
884,-1,386,313,60,187,0.99882835,-1,-1,-1
884,-1,540,289,111,347,0.99756986,-1,-1,-1
884,-1,737,311,103,282,0.70009655,-1,-1,-1
620,-1,442,335,62,171,0.97806096,-1,-1,-1
620,-1,506,310,81,241,0.91439706,-1,-1,-1
250,-1,619,336,66,157,0.99997175,-1,-1,-1
71,-1,708,305,119,337,0.99951005,-1,-1,-1
71,-1,612,324,83,229,0.9848615,-1,-1,-1
71,-1,1062,302,165,405,0.8422411,-1,-1,-1
963,-1,633,277,127,367,0.9840068,-1,-1,-1
963,-1,743,254,119,364,0.96021914,-1,-1,-1
963,-1,340,284,101,272,0.9587332,-1,-1,-1
963,-1,468,298,90,281,0.9194553,-1,-1,-1
963,-1,584,319,66,211,0.91342604,-1,-1,-1
963,-1,890,305,149,408,0.70880216,-1,-1,-1
797,-1,558,323,59,160,0.99950516,-1,-1,-1
797,-1,107,173,239,551,0.99671614,-1,-1,-1
797,-1,977,252,269,495,0.9458218,-1,-1,-1
797,-1,669,294,103,291,0.7649942,-1,-1,-1
590,-1,455,306,104,312,0.98813164,-1,-1,-1
590,-1,545,345,49,130,0.860882,-1,-1,-1
19,-1,921,266,149,413,0.9947484,-1,-1,-1
19,-1,804,349,55,146,0.9704753,-1,-1,-1
19,-1,1114,248,150,463,0.95290005,-1,-1,-1
19,-1,755,349,52,131,0.92190856,-1,-1,-1
446,-1,560,326,66,172,0.99882036,-1,-1,-1
683,-1,429,355,35,91,0.94327915,-1,-1,-1
397,-1,931,257,142,419,0.96951216,-1,-1,-1
397,-1,524,330,69,161,0.92725384,-1,-1,-1
497,-1,1091,272,181,445,0.99059373,-1,-1,-1
497,-1,795,306,98,288,0.89411867,-1,-1,-1
497,-1,677,245,129,393,0.89044756,-1,-1,-1
943,-1,523,284,111,323,0.99098384,-1,-1,-1
943,-1,608,345,50,141,0.7778324,-1,-1,-1
236,-1,744,332,54,159,0.99896526,-1,-1,-1
236,-1,618,351,49,102,0.86179084,-1,-1,-1
12,-1,860,337,65,200,0.99715626,-1,-1,-1
12,-1,700,366,32,87,0.9200444,-1,-1,-1
12,-1,752,363,35,96,0.84313846,-1,-1,-1
12,-1,626,362,43,89,0.8340964,-1,-1,-1
12,-1,654,365,41,89,0.7495011,-1,-1,-1
828,-1,486,333,52,138,0.9323631,-1,-1,-1
828,-1,402,294,96,260,0.8999819,-1,-1,-1
828,-1,93,185,218,556,0.85026056,-1,-1,-1
53,-1,629,294,110,308,0.9926805,-1,-1,-1
53,-1,1087,218,192,515,0.8461081,-1,-1,-1
53,-1,416,256,186,475,0.835416,-1,-1,-1
221,-1,617,352,47,97,0.7538823,-1,-1,-1
412,-1,703,324,59,182,0.9967055,-1,-1,-1
412,-1,598,336,64,173,0.8905995,-1,-1,-1
412,-1,659,324,64,193,0.7744512,-1,-1,-1
412,-1,412,344,39,85,0.7339244,-1,-1,-1
42,-1,591,335,67,189,0.9994987,-1,-1,-1
42,-1,1117,315,120,309,0.9982023,-1,-1,-1
42,-1,695,318,103,307,0.9852754,-1,-1,-1
42,-1,943,321,101,296,0.9802138,-1,-1,-1
42,-1,907,329,99,291,0.7125758,-1,-1,-1
749,-1,581,337,51,135,0.8223965,-1,-1,-1
749,-1,460,325,61,193,0.78362095,-1,-1,-1
249,-1,621,342,62,149,0.9995906,-1,-1,-1
715,-1,411,326,73,200,0.8620758,-1,-1,-1
715,-1,113,467,49,181,0.7588302,-1,-1,-1
715,-1,686,319,65,204,0.70769787,-1,-1,-1
381,-1,910,265,120,399,0.88934577,-1,-1,-1
381,-1,575,341,49,137,0.75141126,-1,-1,-1
107,-1,593,272,164,459,0.87030447,-1,-1,-1
987,-1,525,343,62,161,0.983214,-1,-1,-1
987,-1,767,312,102,263,0.86447424,-1,-1,-1
987,-1,1137,278,135,443,0.8294303,-1,-1,-1
243,-1,622,345,55,133,0.9938881,-1,-1,-1
243,-1,722,342,51,130,0.9570015,-1,-1,-1
255,-1,610,332,68,178,0.9980988,-1,-1,-1
635,-1,512,329,61,185,0.9979196,-1,-1,-1
635,-1,1067,260,169,441,0.88390654,-1,-1,-1
635,-1,715,288,136,396,0.7851622,-1,-1,-1
639,-1,877,290,103,306,0.99590635,-1,-1,-1
639,-1,503,323,66,219,0.97810966,-1,-1,-1
639,-1,1145,273,144,446,0.80823696,-1,-1,-1
822,-1,394,267,133,351,0.9928814,-1,-1,-1
822,-1,83,188,244,546,0.803817,-1,-1,-1
364,-1,496,337,53,130,0.7595242,-1,-1,-1
61,-1,672,339,74,187,0.9992956,-1,-1,-1
61,-1,583,348,55,142,0.99055594,-1,-1,-1
61,-1,790,241,136,474,0.869479,-1,-1,-1
523,-1,716,307,106,352,0.9939418,-1,-1,-1
523,-1,533,339,46,122,0.7386103,-1,-1,-1
845,-1,589,331,51,161,0.9873208,-1,-1,-1
845,-1,368,277,115,362,0.9861215,-1,-1,-1
845,-1,744,322,81,236,0.9851135,-1,-1,-1
845,-1,98,186,218,554,0.94045705,-1,-1,-1
845,-1,824,319,100,282,0.8577526,-1,-1,-1
604,-1,803,310,132,358,0.9512248,-1,-1,-1
604,-1,438,335,54,127,0.9295747,-1,-1,-1
604,-1,413,352,34,91,0.7683329,-1,-1,-1
606,-1,921,285,136,406,0.97468793,-1,-1,-1
606,-1,440,335,54,133,0.9737586,-1,-1,-1
606,-1,407,353,39,102,0.75792694,-1,-1,-1
718,-1,657,327,60,183,0.9857745,-1,-1,-1
6,-1,938,324,92,262,0.7591633,-1,-1,-1
709,-1,319,330,63,171,0.99857366,-1,-1,-1
709,-1,411,330,63,176,0.9530657,-1,-1,-1
266,-1,620,298,105,268,0.9969382,-1,-1,-1
531,-1,389,316,71,226,0.8561567,-1,-1,-1
531,-1,572,321,93,243,0.7431129,-1,-1,-1
305,-1,701,317,81,230,0.97441566,-1,-1,-1
535,-1,802,295,98,298,0.9875167,-1,-1,-1
535,-1,534,326,69,218,0.8570949,-1,-1,-1
535,-1,326,319,65,193,0.7265243,-1,-1,-1
970,-1,384,328,65,175,0.9984035,-1,-1,-1
970,-1,439,262,157,400,0.9813906,-1,-1,-1
970,-1,1173,283,107,368,0.90900546,-1,-1,-1
284,-1,1092,179,187,551,0.8317899,-1,-1,-1
740,-1,453,336,50,139,0.70392615,-1,-1,-1
67,-1,596,336,77,196,0.9892511,-1,-1,-1
354,-1,634,300,68,219,0.9719201,-1,-1,-1
504,-1,393,322,56,162,0.9981767,-1,-1,-1
504,-1,732,292,109,308,0.99305975,-1,-1,-1
504,-1,656,328,75,218,0.966764,-1,-1,-1
378,-1,599,334,52,151,0.99233764,-1,-1,-1
92,-1,578,338,81,217,0.994665,-1,-1,-1
92,-1,781,365,117,271,0.98885113,-1,-1,-1
92,-1,646,299,111,312,0.978049,-1,-1,-1
92,-1,1013,337,93,282,0.94482,-1,-1,-1
316,-1,565,342,53,140,0.99838185,-1,-1,-1
8,-1,613,368,33,84,0.9836047,-1,-1,-1
8,-1,900,330,87,240,0.8701747,-1,-1,-1
8,-1,647,368,39,86,0.7230152,-1,-1,-1
546,-1,512,342,50,147,0.9876566,-1,-1,-1
546,-1,555,350,47,137,0.9038833,-1,-1,-1
546,-1,648,327,60,170,0.85398215,-1,-1,-1
546,-1,389,331,65,216,0.76396763,-1,-1,-1
482,-1,568,334,58,147,0.98082316,-1,-1,-1
482,-1,1082,274,200,436,0.88520014,-1,-1,-1
47,-1,592,322,71,228,0.9803725,-1,-1,-1
47,-1,676,274,136,434,0.94623524,-1,-1,-1
47,-1,1068,331,115,328,0.8439984,-1,-1,-1
47,-1,967,299,133,408,0.7915823,-1,-1,-1
424,-1,473,338,63,139,0.99960035,-1,-1,-1
424,-1,593,332,53,141,0.9955745,-1,-1,-1
246,-1,626,343,57,139,0.99929214,-1,-1,-1
513,-1,621,324,67,193,0.9995003,-1,-1,-1
513,-1,575,333,56,163,0.8947481,-1,-1,-1
513,-1,398,335,50,120,0.8929084,-1,-1,-1
976,-1,417,321,77,210,0.9932181,-1,-1,-1
976,-1,513,321,74,176,0.99155664,-1,-1,-1
976,-1,808,310,93,313,0.9599234,-1,-1,-1
976,-1,370,328,53,152,0.92404395,-1,-1,-1
976,-1,1075,168,187,606,0.84969056,-1,-1,-1
906,-1,383,326,59,160,0.99850816,-1,-1,-1
906,-1,1078,254,174,464,0.9914552,-1,-1,-1
906,-1,675,276,104,309,0.96027577,-1,-1,-1
906,-1,516,336,51,130,0.94879264,-1,-1,-1
562,-1,366,329,58,159,0.9764271,-1,-1,-1
562,-1,796,239,149,457,0.95067513,-1,-1,-1
30,-1,603,351,63,156,0.9896402,-1,-1,-1
30,-1,871,341,65,189,0.95786226,-1,-1,-1
30,-1,705,349,63,161,0.9564815,-1,-1,-1
30,-1,811,331,69,193,0.95092547,-1,-1,-1
30,-1,904,339,74,203,0.93417454,-1,-1,-1
30,-1,671,347,62,164,0.8838173,-1,-1,-1
512,-1,636,331,65,191,0.99523634,-1,-1,-1
512,-1,582,336,57,165,0.9904497,-1,-1,-1
512,-1,397,335,51,122,0.9677156,-1,-1,-1
874,-1,591,329,55,168,0.9993476,-1,-1,-1
874,-1,469,328,68,179,0.9984011,-1,-1,-1
874,-1,306,288,99,263,0.8834851,-1,-1,-1
79,-1,518,338,55,167,0.98093694,-1,-1,-1
79,-1,752,289,136,379,0.95849013,-1,-1,-1
79,-1,575,342,63,159,0.95543754,-1,-1,-1
79,-1,641,436,44,78,0.92476165,-1,-1,-1
79,-1,712,359,57,139,0.8897347,-1,-1,-1
79,-1,634,361,61,142,0.83090746,-1,-1,-1
79,-1,660,366,57,131,0.82626873,-1,-1,-1
79,-1,859,318,84,291,0.71966165,-1,-1,-1
729,-1,830,298,168,420,0.99131787,-1,-1,-1
729,-1,551,335,50,130,0.91736245,-1,-1,-1
729,-1,529,352,35,90,0.85368425,-1,-1,-1
420,-1,484,335,71,160,0.99846184,-1,-1,-1
420,-1,638,332,51,144,0.9899289,-1,-1,-1
420,-1,576,337,60,144,0.9755452,-1,-1,-1
730,-1,433,342,38,107,0.82634246,-1,-1,-1
730,-1,530,353,32,93,0.8131241,-1,-1,-1
730,-1,547,336,50,125,0.7383652,-1,-1,-1
903,-1,769,251,136,383,0.9991456,-1,-1,-1
903,-1,370,334,49,143,0.9193635,-1,-1,-1
903,-1,548,336,46,136,0.7847495,-1,-1,-1
429,-1,460,340,57,123,0.88424355,-1,-1,-1
429,-1,570,336,51,123,0.842431,-1,-1,-1
247,-1,629,343,56,140,0.9984738,-1,-1,-1
832,-1,376,317,71,195,0.99782515,-1,-1,-1
832,-1,468,307,81,230,0.92109174,-1,-1,-1
832,-1,87,181,230,562,0.8812287,-1,-1,-1
733,-1,432,338,54,124,0.96721655,-1,-1,-1
372,-1,636,328,62,183,0.9976956,-1,-1,-1
843,-1,884,309,118,338,0.99866307,-1,-1,-1
843,-1,369,286,112,328,0.9963618,-1,-1,-1
843,-1,569,332,51,148,0.9886595,-1,-1,-1
843,-1,95,180,222,563,0.90602773,-1,-1,-1
843,-1,800,320,87,268,0.8091618,-1,-1,-1
522,-1,699,305,155,361,0.9921212,-1,-1,-1
522,-1,442,268,129,398,0.97420734,-1,-1,-1
728,-1,775,305,152,401,0.9717065,-1,-1,-1
728,-1,534,345,34,99,0.7897844,-1,-1,-1
728,-1,433,340,38,114,0.77215916,-1,-1,-1
728,-1,566,335,47,129,0.73422486,-1,-1,-1
880,-1,339,301,69,212,0.9779996,-1,-1,-1
880,-1,491,302,101,269,0.9613305,-1,-1,-1
259,-1,615,325,78,195,0.999819,-1,-1,-1
726,-1,729,305,111,351,0.9836669,-1,-1,-1
726,-1,579,344,53,128,0.91324127,-1,-1,-1
726,-1,424,343,45,108,0.8527469,-1,-1,-1
726,-1,509,352,36,80,0.7909149,-1,-1,-1
726,-1,532,350,37,95,0.71537304,-1,-1,-1
82,-1,581,338,66,185,0.997009,-1,-1,-1
82,-1,521,340,61,173,0.99594647,-1,-1,-1
82,-1,948,280,152,412,0.9871029,-1,-1,-1
82,-1,642,351,63,169,0.97359335,-1,-1,-1
82,-1,755,351,69,172,0.97221607,-1,-1,-1
82,-1,706,353,66,162,0.8528296,-1,-1,-1
82,-1,650,436,48,92,0.7097352,-1,-1,-1
510,-1,598,331,59,181,0.9982324,-1,-1,-1
510,-1,648,320,76,228,0.975905,-1,-1,-1
510,-1,392,331,47,128,0.91968757,-1,-1,-1
724,-1,654,316,115,307,0.9703523,-1,-1,-1
973,-1,377,337,54,158,0.97821724,-1,-1,-1
973,-1,931,280,134,433,0.9659223,-1,-1,-1
973,-1,628,213,168,507,0.959962,-1,-1,-1
973,-1,421,340,80,216,0.9234825,-1,-1,-1
973,-1,465,319,67,201,0.796785,-1,-1,-1
684,-1,432,353,29,91,0.9787588,-1,-1,-1
265,-1,621,302,104,255,0.98722327,-1,-1,-1
565,-1,710,321,95,271,0.9860911,-1,-1,-1
565,-1,365,319,64,196,0.93220055,-1,-1,-1
409,-1,739,302,111,285,0.97761005,-1,-1,-1
409,-1,648,312,73,211,0.96899444,-1,-1,-1
409,-1,473,338,52,120,0.8668151,-1,-1,-1
865,-1,661,325,70,197,0.9989366,-1,-1,-1
865,-1,596,334,74,208,0.9468036,-1,-1,-1
865,-1,474,339,54,134,0.944273,-1,-1,-1
865,-1,774,351,82,226,0.769471,-1,-1,-1
600,-1,435,336,50,120,0.838452,-1,-1,-1
600,-1,411,345,37,97,0.79426104,-1,-1,-1
814,-1,728,226,249,491,0.99101907,-1,-1,-1
814,-1,496,337,56,137,0.9566694,-1,-1,-1
814,-1,101,191,209,526,0.9494463,-1,-1,-1
814,-1,305,286,100,245,0.8595109,-1,-1,-1
910,-1,402,324,60,178,0.9821555,-1,-1,-1
910,-1,859,284,93,323,0.9561247,-1,-1,-1
403,-1,1046,281,203,433,0.9836406,-1,-1,-1
403,-1,479,336,59,137,0.96844524,-1,-1,-1
403,-1,741,293,99,285,0.80343246,-1,-1,-1
435,-1,711,309,102,270,0.99349433,-1,-1,-1
435,-1,440,334,55,119,0.9453122,-1,-1,-1
480,-1,558,333,56,139,0.9995135,-1,-1,-1
480,-1,453,354,42,85,0.86443776,-1,-1,-1
582,-1,552,347,61,152,0.9999032,-1,-1,-1
582,-1,890,294,107,310,0.9739503,-1,-1,-1
582,-1,413,327,70,195,0.8338252,-1,-1,-1
712,-1,337,332,69,180,0.9988199,-1,-1,-1
712,-1,403,336,54,152,0.986591,-1,-1,-1
712,-1,736,314,72,237,0.9398613,-1,-1,-1
587,-1,548,344,55,139,0.9977889,-1,-1,-1
587,-1,1125,268,145,439,0.77304065,-1,-1,-1
14,-1,836,344,61,178,0.9977525,-1,-1,-1
14,-1,665,368,44,90,0.7718725,-1,-1,-1
854,-1,106,180,226,553,0.97514015,-1,-1,-1
854,-1,523,335,63,153,0.9673616,-1,-1,-1
854,-1,797,252,247,468,0.912683,-1,-1,-1
854,-1,637,308,94,245,0.8729166,-1,-1,-1
69,-1,690,323,107,283,0.9979765,-1,-1,-1
69,-1,604,335,75,212,0.98278505,-1,-1,-1
46,-1,1033,332,105,300,0.997905,-1,-1,-1
46,-1,582,326,80,216,0.99647033,-1,-1,-1
46,-1,680,273,139,445,0.93303895,-1,-1,-1
46,-1,1134,300,143,398,0.7851979,-1,-1,-1
355,-1,623,309,58,202,0.9904405,-1,-1,-1
933,-1,421,314,61,188,0.9971988,-1,-1,-1
530,-1,908,273,245,425,0.99979717,-1,-1,-1
530,-1,362,290,98,277,0.87606573,-1,-1,-1
624,-1,514,330,67,197,0.9970554,-1,-1,-1
624,-1,434,351,37,93,0.8160377,-1,-1,-1
257,-1,613,324,66,193,0.9923517,-1,-1,-1
765,-1,595,282,130,411,0.8939547,-1,-1,-1
262,-1,616,317,87,222,0.9898644,-1,-1,-1
309,-1,650,333,64,189,0.87449455,-1,-1,-1
100,-1,936,328,106,317,0.99834204,-1,-1,-1
100,-1,491,305,113,316,0.9788245,-1,-1,-1
100,-1,725,354,56,129,0.9732849,-1,-1,-1
950,-1,401,329,56,152,0.99640155,-1,-1,-1
950,-1,611,341,61,176,0.9820432,-1,-1,-1
950,-1,674,330,51,160,0.9749858,-1,-1,-1
996,-1,934,284,132,374,0.998847,-1,-1,-1
996,-1,631,307,94,272,0.8848846,-1,-1,-1
103,-1,1033,316,143,385,0.88150984,-1,-1,-1
103,-1,702,361,57,112,0.8481565,-1,-1,-1
948,-1,557,333,52,139,0.9821269,-1,-1,-1
948,-1,926,282,151,423,0.97540605,-1,-1,-1
948,-1,400,332,51,137,0.97139627,-1,-1,-1
948,-1,1050,309,102,355,0.7606804,-1,-1,-1
948,-1,645,343,68,187,0.7332236,-1,-1,-1
685,-1,427,351,35,91,0.9743862,-1,-1,-1
623,-1,504,330,65,199,0.99675566,-1,-1,-1
623,-1,571,307,97,269,0.928489,-1,-1,-1
838,-1,397,302,105,249,0.98377174,-1,-1,-1
838,-1,100,178,217,561,0.9118182,-1,-1,-1
838,-1,515,344,52,126,0.90457296,-1,-1,-1
838,-1,988,286,128,391,0.73920256,-1,-1,-1
820,-1,352,312,64,188,0.9894924,-1,-1,-1
820,-1,446,256,130,403,0.9878126,-1,-1,-1
820,-1,87,187,228,566,0.8800671,-1,-1,-1
240,-1,737,340,55,142,0.98984855,-1,-1,-1
240,-1,623,349,55,126,0.8504484,-1,-1,-1
9,-1,900,331,77,232,0.9735314,-1,-1,-1
9,-1,621,367,32,92,0.94499475,-1,-1,-1
9,-1,653,364,39,98,0.9187537,-1,-1,-1
33,-1,592,347,67,176,0.9994603,-1,-1,-1
33,-1,780,340,65,188,0.99077517,-1,-1,-1
33,-1,834,342,63,176,0.9786728,-1,-1,-1
33,-1,709,343,68,196,0.9719605,-1,-1,-1
33,-1,920,343,71,192,0.7409813,-1,-1,-1
33,-1,754,347,63,174,0.7306845,-1,-1,-1
842,-1,897,309,152,357,0.9983197,-1,-1,-1
842,-1,366,289,108,302,0.99350005,-1,-1,-1
842,-1,556,335,53,143,0.9917795,-1,-1,-1
842,-1,97,181,216,561,0.9129856,-1,-1,-1
842,-1,825,319,99,272,0.7512516,-1,-1,-1
981,-1,473,324,56,152,0.9775407,-1,-1,-1
981,-1,998,305,179,378,0.9519014,-1,-1,-1
981,-1,434,344,55,150,0.8542629,-1,-1,-1
118,-1,1,26,276,722,0.7534714,-1,-1,-1
230,-1,619,354,52,104,0.9612992,-1,-1,-1
686,-1,426,354,34,84,0.8781093,-1,-1,-1
649,-1,669,325,49,168,0.8989632,-1,-1,-1
748,-1,728,296,92,310,0.94486797,-1,-1,-1
748,-1,445,326,63,188,0.8780139,-1,-1,-1
802,-1,85,195,233,536,0.90697634,-1,-1,-1
802,-1,555,224,132,440,0.8912925,-1,-1,-1
391,-1,632,317,74,212,0.71457964,-1,-1,-1
641,-1,813,320,87,240,0.79245234,-1,-1,-1
966,-1,427,317,73,216,0.99133235,-1,-1,-1
966,-1,331,270,124,342,0.9859227,-1,-1,-1
966,-1,970,307,109,302,0.97975665,-1,-1,-1
966,-1,564,294,102,289,0.96222067,-1,-1,-1
755,-1,616,326,53,160,0.89092785,-1,-1,-1
45,-1,856,323,123,359,0.9968262,-1,-1,-1
45,-1,588,331,79,206,0.99240994,-1,-1,-1
45,-1,1018,313,131,337,0.9909877,-1,-1,-1
45,-1,1099,312,125,353,0.9344053,-1,-1,-1
45,-1,799,360,31,95,0.89869875,-1,-1,-1
45,-1,659,290,132,398,0.89678895,-1,-1,-1
982,-1,426,338,58,151,0.98728347,-1,-1,-1
982,-1,618,317,75,221,0.9740736,-1,-1,-1
982,-1,964,292,121,367,0.96547383,-1,-1,-1
346,-1,920,251,145,408,0.997666,-1,-1,-1
402,-1,484,337,58,140,0.90496606,-1,-1,-1
402,-1,828,294,62,249,0.796876,-1,-1,-1
706,-1,416,329,68,193,0.9959538,-1,-1,-1
706,-1,340,335,53,152,0.9766541,-1,-1,-1
706,-1,896,285,98,351,0.9037528,-1,-1,-1
622,-1,478,332,63,183,0.9826828,-1,-1,-1
622,-1,543,304,82,247,0.8162035,-1,-1,-1
894,-1,481,330,51,140,0.9448366,-1,-1,-1
894,-1,612,332,59,168,0.7659766,-1,-1,-1
78,-1,519,339,58,168,0.99414897,-1,-1,-1
78,-1,705,293,130,355,0.99379796,-1,-1,-1
78,-1,1117,268,160,448,0.9811226,-1,-1,-1
78,-1,579,342,59,158,0.9750528,-1,-1,-1
78,-1,646,437,36,74,0.8975685,-1,-1,-1
78,-1,806,312,104,295,0.8935275,-1,-1,-1
78,-1,640,358,55,142,0.850207,-1,-1,-1
78,-1,889,321,92,276,0.705616,-1,-1,-1
699,-1,396,342,53,127,0.9076966,-1,-1,-1
699,-1,531,325,96,259,0.82801455,-1,-1,-1
26,-1,781,347,62,154,0.99978524,-1,-1,-1
26,-1,702,354,61,151,0.9920448,-1,-1,-1
26,-1,973,314,100,276,0.87299055,-1,-1,-1
26,-1,834,337,65,177,0.8347966,-1,-1,-1
26,-1,678,350,59,152,0.8192072,-1,-1,-1
26,-1,613,353,58,139,0.75716823,-1,-1,-1
25,-1,786,349,56,140,0.9982522,-1,-1,-1
25,-1,706,356,54,141,0.9830467,-1,-1,-1
25,-1,612,352,57,134,0.86147505,-1,-1,-1
25,-1,993,326,99,276,0.8163813,-1,-1,-1
226,-1,657,289,92,271,0.87455,-1,-1,-1
261,-1,611,322,89,215,0.9988656,-1,-1,-1
575,-1,385,336,56,143,0.99961865,-1,-1,-1
575,-1,739,320,61,202,0.9337117,-1,-1,-1
575,-1,511,293,110,301,0.77166516,-1,-1,-1
937,-1,625,326,62,196,0.98929906,-1,-1,-1
937,-1,452,296,72,236,0.78193265,-1,-1,-1
557,-1,359,334,48,131,0.8527158,-1,-1,-1
751,-1,461,313,70,220,0.99021953,-1,-1,-1
751,-1,587,329,54,148,0.9326203,-1,-1,-1
751,-1,659,315,76,250,0.7295818,-1,-1,-1
524,-1,388,255,133,388,0.9972984,-1,-1,-1
524,-1,673,310,113,356,0.93088526,-1,-1,-1
757,-1,626,334,56,165,0.9953069,-1,-1,-1
913,-1,399,321,68,200,0.9665992,-1,-1,-1
913,-1,573,309,68,215,0.88511544,-1,-1,-1
86,-1,658,352,70,175,0.9973133,-1,-1,-1
86,-1,819,351,68,205,0.99569786,-1,-1,-1
86,-1,577,327,78,224,0.9835185,-1,-1,-1
86,-1,717,352,52,151,0.9401259,-1,-1,-1
823,-1,386,276,118,339,0.99888843,-1,-1,-1
823,-1,100,204,232,523,0.9176832,-1,-1,-1
870,-1,457,326,63,164,0.9999405,-1,-1,-1
870,-1,617,325,106,300,0.9988153,-1,-1,-1
870,-1,301,268,117,323,0.997447,-1,-1,-1
876,-1,463,317,79,212,0.9988619,-1,-1,-1
876,-1,558,336,60,154,0.9943001,-1,-1,-1
876,-1,898,312,173,405,0.80414814,-1,-1,-1
876,-1,318,290,92,247,0.7229173,-1,-1,-1
739,-1,507,349,36,100,0.8331459,-1,-1,-1
769,-1,776,283,133,444,0.82294935,-1,-1,-1
518,-1,552,333,63,157,0.99981827,-1,-1,-1
518,-1,650,233,158,478,0.97999877,-1,-1,-1
518,-1,991,298,141,421,0.87092495,-1,-1,-1
518,-1,887,417,96,258,0.8269749,-1,-1,-1
944,-1,564,270,109,343,0.980551,-1,-1,-1
944,-1,649,339,33,110,0.7949504,-1,-1,-1
66,-1,596,338,66,185,0.99818003,-1,-1,-1
66,-1,694,331,89,236,0.909252,-1,-1,-1
949,-1,399,334,55,144,0.9978886,-1,-1,-1
949,-1,634,340,65,187,0.9971846,-1,-1,-1
949,-1,798,217,163,502,0.97544086,-1,-1,-1
949,-1,951,297,109,361,0.96125156,-1,-1,-1
949,-1,552,337,53,133,0.75976765,-1,-1,-1
692,-1,851,304,146,391,0.99841154,-1,-1,-1
692,-1,434,353,42,100,0.74316084,-1,-1,-1
436,-1,705,309,81,266,0.8488183,-1,-1,-1
436,-1,439,336,53,116,0.76433617,-1,-1,-1
263,-1,611,320,89,226,0.98261124,-1,-1,-1
833,-1,380,321,70,189,0.96891004,-1,-1,-1
833,-1,88,182,221,562,0.8997521,-1,-1,-1
833,-1,476,313,80,217,0.7939233,-1,-1,-1
583,-1,551,345,56,146,0.9995521,-1,-1,-1
583,-1,929,278,105,350,0.98852843,-1,-1,-1
583,-1,415,325,74,203,0.9019894,-1,-1,-1
48,-1,683,269,153,441,0.96610224,-1,-1,-1
48,-1,1022,296,146,428,0.8445863,-1,-1,-1
48,-1,584,316,82,238,0.77897996,-1,-1,-1
847,-1,707,327,73,207,0.99246114,-1,-1,-1
847,-1,378,269,150,417,0.9897738,-1,-1,-1
847,-1,608,327,57,170,0.94170094,-1,-1,-1
847,-1,98,182,206,560,0.88709426,-1,-1,-1
847,-1,776,311,86,263,0.7213109,-1,-1,-1
120,-1,11,22,297,722,0.77680224,-1,-1,-1
914,-1,549,313,76,202,0.99758816,-1,-1,-1
914,-1,399,324,66,196,0.9390606,-1,-1,-1
914,-1,740,302,77,257,0.8944779,-1,-1,-1
615,-1,461,320,67,181,0.9998653,-1,-1,-1
297,-1,1015,288,150,394,0.93957424,-1,-1,-1
610,-1,439,329,58,151,0.9973199,-1,-1,-1
926,-1,393,332,49,144,0.9746085,-1,-1,-1
926,-1,949,279,114,387,0.9732659,-1,-1,-1
926,-1,449,331,46,139,0.8049079,-1,-1,-1
926,-1,597,330,46,143,0.7693763,-1,-1,-1
634,-1,515,331,62,180,0.998755,-1,-1,-1
634,-1,680,294,117,379,0.90856236,-1,-1,-1
790,-1,1112,252,157,467,0.9831223,-1,-1,-1
790,-1,793,196,175,513,0.9645899,-1,-1,-1
790,-1,497,336,54,127,0.9518994,-1,-1,-1
923,-1,528,297,110,342,0.9810393,-1,-1,-1
923,-1,453,338,49,144,0.7359351,-1,-1,-1
922,-1,628,324,51,164,0.9776834,-1,-1,-1
922,-1,466,339,48,144,0.8124032,-1,-1,-1
324,-1,484,341,51,119,0.7525972,-1,-1,-1
959,-1,531,285,108,362,0.9922071,-1,-1,-1
959,-1,850,239,163,476,0.9329218,-1,-1,-1
102,-1,708,357,60,122,0.99943393,-1,-1,-1
102,-1,1002,314,124,359,0.99467385,-1,-1,-1
102,-1,483,301,117,349,0.95339066,-1,-1,-1
442,-1,594,321,67,199,0.9977756,-1,-1,-1
87,-1,665,372,86,180,0.99059874,-1,-1,-1
87,-1,577,327,86,231,0.9779002,-1,-1,-1
87,-1,847,342,77,216,0.9021718,-1,-1,-1
932,-1,413,315,59,181,0.9905128,-1,-1,-1
932,-1,547,335,53,129,0.9441742,-1,-1,-1
932,-1,709,310,73,267,0.7022954,-1,-1,-1
357,-1,578,318,59,182,0.9962968,-1,-1,-1
357,-1,1013,263,161,441,0.85968643,-1,-1,-1
703,-1,436,334,69,208,0.9332447,-1,-1,-1
703,-1,386,342,46,145,0.7663175,-1,-1,-1
473,-1,471,340,52,113,0.7214881,-1,-1,-1
837,-1,457,325,67,167,0.99765563,-1,-1,-1
837,-1,396,316,76,221,0.9661048,-1,-1,-1
837,-1,96,179,222,567,0.9021608,-1,-1,-1
618,-1,422,335,58,158,0.99857354,-1,-1,-1
618,-1,491,317,69,205,0.71888024,-1,-1,-1
521,-1,768,319,151,376,0.9965578,-1,-1,-1
521,-1,461,270,138,412,0.9602099,-1,-1,-1
584,-1,553,345,57,146,0.9997565,-1,-1,-1
584,-1,416,327,75,208,0.98649603,-1,-1,-1
584,-1,942,284,126,366,0.96665925,-1,-1,-1
417,-1,651,330,59,154,0.94487226,-1,-1,-1
417,-1,527,325,80,183,0.8715609,-1,-1,-1
848,-1,695,327,71,213,0.9962864,-1,-1,-1
848,-1,96,184,206,560,0.89016974,-1,-1,-1
848,-1,513,346,53,135,0.86546236,-1,-1,-1
848,-1,396,263,135,414,0.85960627,-1,-1,-1
848,-1,613,332,63,182,0.7757271,-1,-1,-1
35,-1,588,345,71,191,0.99760973,-1,-1,-1
35,-1,830,350,61,172,0.98393065,-1,-1,-1
35,-1,940,333,73,212,0.9755342,-1,-1,-1
35,-1,705,343,71,210,0.96307635,-1,-1,-1
35,-1,771,342,72,199,0.9238434,-1,-1,-1
754,-1,589,330,60,186,0.98892444,-1,-1,-1
589,-1,542,347,53,132,0.9524474,-1,-1,-1
589,-1,437,300,112,292,0.9435527,-1,-1,-1
752,-1,464,314,75,228,0.9766501,-1,-1,-1
752,-1,590,331,58,157,0.96654934,-1,-1,-1
90,-1,719,352,108,255,0.9941274,-1,-1,-1
90,-1,607,309,106,281,0.9298305,-1,-1,-1
90,-1,935,343,90,248,0.7432971,-1,-1,-1
816,-1,601,231,185,491,0.9956208,-1,-1,-1
816,-1,101,192,210,536,0.9465316,-1,-1,-1
816,-1,326,310,84,207,0.9188192,-1,-1,-1
816,-1,488,332,59,133,0.8742157,-1,-1,-1
766,-1,744,310,75,225,0.97292906,-1,-1,-1
766,-1,633,276,124,445,0.82850933,-1,-1,-1
766,-1,474,335,45,128,0.7185225,-1,-1,-1
408,-1,663,309,79,227,0.9976319,-1,-1,-1
408,-1,767,299,109,314,0.997232,-1,-1,-1
408,-1,468,341,57,119,0.98472035,-1,-1,-1
387,-1,732,310,91,246,0.9268034,-1,-1,-1
387,-1,525,337,51,126,0.9075216,-1,-1,-1
508,-1,394,330,51,138,0.98259497,-1,-1,-1
508,-1,614,335,62,180,0.9464778,-1,-1,-1
508,-1,662,317,83,227,0.88905233,-1,-1,-1
831,-1,384,320,64,189,0.99864036,-1,-1,-1
831,-1,455,302,86,241,0.9763593,-1,-1,-1
831,-1,85,185,225,561,0.83384776,-1,-1,-1
58,-1,663,347,65,165,0.9995596,-1,-1,-1
839,-1,937,292,122,364,0.9947324,-1,-1,-1
839,-1,521,337,53,134,0.9932325,-1,-1,-1
839,-1,396,301,99,256,0.96953875,-1,-1,-1
839,-1,1075,286,173,435,0.96819514,-1,-1,-1
839,-1,100,180,217,558,0.8954636,-1,-1,-1
500,-1,390,312,68,192,0.99988353,-1,-1,-1
500,-1,901,191,213,516,0.8953972,-1,-1,-1
750,-1,459,315,65,214,0.9413196,-1,-1,-1
750,-1,583,335,53,141,0.89959973,-1,-1,-1
990,-1,848,295,154,376,0.995943,-1,-1,-1
990,-1,485,345,61,146,0.9896082,-1,-1,-1
990,-1,706,315,73,232,0.97664887,-1,-1,-1
990,-1,366,332,48,126,0.79688275,-1,-1,-1
453,-1,538,332,53,146,0.9925895,-1,-1,-1
453,-1,423,350,43,83,0.7088449,-1,-1,-1
746,-1,450,333,65,167,0.9659877,-1,-1,-1
746,-1,566,336,48,130,0.7623536,-1,-1,-1
746,-1,831,267,120,386,0.70049053,-1,-1,-1
807,-1,377,272,121,338,0.9983053,-1,-1,-1
807,-1,533,325,61,169,0.99680555,-1,-1,-1
807,-1,729,294,93,281,0.9858925,-1,-1,-1
807,-1,92,185,234,559,0.8644723,-1,-1,-1
794,-1,789,271,144,373,0.9918321,-1,-1,-1
794,-1,336,181,190,545,0.964994,-1,-1,-1
794,-1,532,329,47,152,0.9301735,-1,-1,-1
747,-1,761,279,117,365,0.98831636,-1,-1,-1
747,-1,456,336,57,170,0.90213066,-1,-1,-1
574,-1,383,335,55,140,0.9974469,-1,-1,-1
574,-1,458,295,107,305,0.991343,-1,-1,-1
574,-1,722,323,66,195,0.96327066,-1,-1,-1
574,-1,566,332,67,200,0.8929521,-1,-1,-1
501,-1,393,318,62,180,0.99936,-1,-1,-1
501,-1,1113,151,169,606,0.9115747,-1,-1,-1
501,-1,697,317,84,242,0.83931077,-1,-1,-1
501,-1,828,273,124,371,0.83657444,-1,-1,-1
501,-1,453,350,31,89,0.77692944,-1,-1,-1
971,-1,383,328,53,168,0.98985016,-1,-1,-1
971,-1,460,232,158,486,0.9566374,-1,-1,-1
971,-1,1115,275,162,448,0.94145525,-1,-1,-1
971,-1,439,331,48,156,0.9008745,-1,-1,-1
819,-1,338,315,69,188,0.9958799,-1,-1,-1
819,-1,96,190,212,556,0.9275296,-1,-1,-1
819,-1,482,254,137,412,0.8166757,-1,-1,-1
817,-1,102,193,210,536,0.94959766,-1,-1,-1
817,-1,488,332,53,128,0.8899797,-1,-1,-1
817,-1,329,309,78,203,0.8566263,-1,-1,-1
678,-1,415,356,39,82,0.86348194,-1,-1,-1
459,-1,516,339,49,122,0.80093694,-1,-1,-1
2,-1,1036,311,112,321,0.99872977,-1,-1,-1
2,-1,671,368,38,82,0.9623085,-1,-1,-1
835,-1,468,316,76,200,0.9997669,-1,-1,-1
835,-1,381,320,76,206,0.9964953,-1,-1,-1
835,-1,93,178,217,570,0.9334305,-1,-1,-1
936,-1,634,318,68,221,0.97417873,-1,-1,-1
936,-1,1062,318,167,380,0.82027656,-1,-1,-1
936,-1,600,345,36,96,0.80423135,-1,-1,-1
936,-1,439,300,75,228,0.8017147,-1,-1,-1
481,-1,569,336,54,137,0.98210436,-1,-1,-1
481,-1,453,350,38,87,0.70991296,-1,-1,-1
410,-1,626,313,76,221,0.99883157,-1,-1,-1
410,-1,467,337,53,118,0.97365475,-1,-1,-1
410,-1,697,305,102,275,0.96652335,-1,-1,-1
18,-1,814,348,54,153,0.9813033,-1,-1,-1
18,-1,992,274,140,424,0.9512833,-1,-1,-1
18,-1,621,354,53,119,0.94397074,-1,-1,-1
18,-1,702,356,55,122,0.77274656,-1,-1,-1
855,-1,619,336,61,162,0.99692637,-1,-1,-1
855,-1,894,303,102,282,0.98741865,-1,-1,-1
855,-1,120,183,198,537,0.981028,-1,-1,-1
855,-1,531,341,58,149,0.8746511,-1,-1,-1
810,-1,512,332,61,147,0.99979764,-1,-1,-1
810,-1,320,279,125,302,0.9956546,-1,-1,-1
810,-1,848,266,115,364,0.9916236,-1,-1,-1
810,-1,94,188,218,537,0.93822736,-1,-1,-1
711,-1,325,332,71,183,0.98223716,-1,-1,-1
711,-1,403,334,58,161,0.9788669,-1,-1,-1
711,-1,745,305,80,273,0.71436363,-1,-1,-1
844,-1,372,282,119,350,0.9979292,-1,-1,-1
844,-1,573,331,55,158,0.9946578,-1,-1,-1
844,-1,827,310,111,319,0.95815384,-1,-1,-1
844,-1,101,178,216,564,0.92679125,-1,-1,-1
844,-1,775,318,75,249,0.8005751,-1,-1,-1
511,-1,592,334,57,171,0.99778736,-1,-1,-1
511,-1,391,334,49,124,0.942031,-1,-1,-1
440,-1,620,317,70,228,0.99738055,-1,-1,-1
875,-1,464,323,80,194,0.9997385,-1,-1,-1
875,-1,572,332,62,162,0.9798973,-1,-1,-1
875,-1,827,296,149,421,0.934853,-1,-1,-1
875,-1,319,285,91,256,0.7572319,-1,-1,-1
612,-1,444,330,59,158,0.9974976,-1,-1,-1
612,-1,404,338,47,140,0.8209236,-1,-1,-1
878,-1,559,332,50,132,0.9803262,-1,-1,-1
878,-1,463,303,99,249,0.937187,-1,-1,-1
878,-1,437,349,33,95,0.8278346,-1,-1,-1
827,-1,373,288,105,274,0.9936481,-1,-1,-1
827,-1,488,334,52,138,0.97286284,-1,-1,-1
827,-1,95,189,224,548,0.90669775,-1,-1,-1
829,-1,384,328,53,161,0.96586144,-1,-1,-1
829,-1,424,311,76,209,0.8982046,-1,-1,-1
829,-1,91,183,222,555,0.836545,-1,-1,-1
595,-1,655,273,136,435,0.9222401,-1,-1,-1
595,-1,535,324,94,240,0.9172188,-1,-1,-1
891,-1,634,327,69,204,0.99537885,-1,-1,-1
891,-1,463,330,51,146,0.98303795,-1,-1,-1
891,-1,832,205,187,505,0.7153266,-1,-1,-1
489,-1,617,266,112,357,0.99564594,-1,-1,-1
489,-1,544,307,75,215,0.9897977,-1,-1,-1
489,-1,1006,276,202,431,0.7034176,-1,-1,-1
779,-1,1123,244,155,478,0.93232715,-1,-1,-1
892,-1,621,333,76,183,0.99999297,-1,-1,-1
892,-1,470,331,56,140,0.99887675,-1,-1,-1
892,-1,966,192,240,546,0.76485884,-1,-1,-1
314,-1,585,339,53,151,0.9988722,-1,-1,-1
850,-1,468,248,150,468,0.91638476,-1,-1,-1
850,-1,95,188,207,548,0.90137094,-1,-1,-1
850,-1,733,332,66,206,0.89818925,-1,-1,-1
850,-1,372,334,47,125,0.8914165,-1,-1,-1
850,-1,680,333,68,197,0.8026111,-1,-1,-1
850,-1,1066,264,167,410,0.75665987,-1,-1,-1
367,-1,698,317,73,223,0.98803586,-1,-1,-1
560,-1,767,238,242,488,0.9962423,-1,-1,-1
560,-1,368,330,54,153,0.98969436,-1,-1,-1
560,-1,657,262,140,403,0.8731598,-1,-1,-1
560,-1,548,339,55,117,0.7197263,-1,-1,-1
536,-1,791,315,102,269,0.9757928,-1,-1,-1
536,-1,458,305,77,231,0.9335381,-1,-1,-1
536,-1,538,333,66,199,0.8685249,-1,-1,-1
633,-1,515,334,59,166,0.99920565,-1,-1,-1
633,-1,625,306,116,350,0.99915886,-1,-1,-1
633,-1,984,240,230,507,0.7360022,-1,-1,-1
659,-1,589,340,36,115,0.765891,-1,-1,-1
352,-1,691,301,79,249,0.73388076,-1,-1,-1
904,-1,730,268,121,330,0.812539,-1,-1,-1
904,-1,373,334,48,141,0.8104182,-1,-1,-1
299,-1,881,312,140,329,0.958901,-1,-1,-1
985,-1,551,327,74,183,0.99887794,-1,-1,-1
985,-1,437,332,60,149,0.97428167,-1,-1,-1
985,-1,396,334,52,143,0.90698516,-1,-1,-1
563,-1,761,326,102,284,0.99430966,-1,-1,-1
563,-1,366,324,56,173,0.9742399,-1,-1,-1
956,-1,551,343,58,147,0.99951124,-1,-1,-1
956,-1,386,317,68,189,0.9994673,-1,-1,-1
956,-1,635,260,168,441,0.99777263,-1,-1,-1
478,-1,549,334,50,128,0.95426744,-1,-1,-1
824,-1,368,283,111,306,0.9981659,-1,-1,-1
824,-1,102,204,222,528,0.9292192,-1,-1,-1
279,-1,742,217,213,506,0.99278814,-1,-1,-1
131,-1,630,362,48,86,0.8024332,-1,-1,-1
437,-1,670,312,80,258,0.8142146,-1,-1,-1
437,-1,446,349,48,93,0.72504145,-1,-1,-1
795,-1,536,325,51,151,0.97947,-1,-1,-1
795,-1,754,282,106,344,0.81366915,-1,-1,-1
238,-1,745,337,49,149,0.99445325,-1,-1,-1
915,-1,536,315,62,188,0.9840358,-1,-1,-1
915,-1,736,315,68,219,0.8070021,-1,-1,-1
302,-1,765,317,97,279,0.7649856,-1,-1,-1
95,-1,1074,326,129,334,0.99738985,-1,-1,-1
95,-1,854,316,143,355,0.98450327,-1,-1,-1
95,-1,705,278,146,403,0.8276974,-1,-1,-1
95,-1,542,335,99,234,0.70431,-1,-1,-1
312,-1,614,338,54,166,0.990455,-1,-1,-1
930,-1,402,325,61,168,0.9965669,-1,-1,-1
930,-1,561,333,44,129,0.9169647,-1,-1,-1
930,-1,997,256,144,471,0.78305835,-1,-1,-1
10,-1,874,338,73,218,0.9718488,-1,-1,-1
63,-1,588,344,62,156,0.99976414,-1,-1,-1
63,-1,687,338,78,202,0.9794423,-1,-1,-1
426,-1,468,342,56,132,0.9954465,-1,-1,-1
426,-1,603,335,46,131,0.8513275,-1,-1,-1
642,-1,792,308,77,264,0.7414939,-1,-1,-1
485,-1,552,321,65,167,0.9999188,-1,-1,-1
485,-1,793,243,192,462,0.99898,-1,-1,-1
519,-1,543,336,53,144,0.9922018,-1,-1,-1
519,-1,903,303,150,420,0.9375222,-1,-1,-1
614,-1,456,322,66,173,0.9995579,-1,-1,-1
614,-1,413,342,54,141,0.9223594,-1,-1,-1
800,-1,82,190,245,537,0.9181459,-1,-1,-1
800,-1,680,241,190,477,0.7026321,-1,-1,-1
105,-1,540,296,137,416,0.86636734,-1,-1,-1
760,-1,480,342,51,142,0.99294126,-1,-1,-1
760,-1,559,284,99,334,0.964531,-1,-1,-1
760,-1,657,332,52,175,0.9282566,-1,-1,-1
496,-1,419,290,90,253,0.9905178,-1,-1,-1
496,-1,807,312,107,303,0.96836096,-1,-1,-1
496,-1,650,271,118,351,0.88016474,-1,-1,-1
109,-1,757,262,169,456,0.9224298,-1,-1,-1
581,-1,557,345,59,159,0.99992883,-1,-1,-1
581,-1,402,331,70,186,0.92862844,-1,-1,-1
581,-1,995,264,207,467,0.7232657,-1,-1,-1
978,-1,501,317,69,177,0.9999329,-1,-1,-1
978,-1,426,339,67,182,0.98503923,-1,-1,-1
978,-1,372,328,52,147,0.97021544,-1,-1,-1
978,-1,728,321,95,269,0.8517899,-1,-1,-1
978,-1,589,357,39,105,0.8025981,-1,-1,-1
534,-1,535,329,80,215,0.9877774,-1,-1,-1
534,-1,414,309,91,225,0.96254504,-1,-1,-1
534,-1,821,286,109,325,0.8986673,-1,-1,-1
534,-1,331,325,56,172,0.8454667,-1,-1,-1
651,-1,641,335,52,153,0.9886016,-1,-1,-1
651,-1,1018,229,215,481,0.7943609,-1,-1,-1
64,-1,591,339,59,164,0.9985013,-1,-1,-1
64,-1,688,333,84,215,0.99163485,-1,-1,-1
64,-1,977,219,202,508,0.95660937,-1,-1,-1
690,-1,437,352,36,100,0.8723589,-1,-1,-1
687,-1,431,353,35,91,0.94984496,-1,-1,-1
36,-1,585,342,75,198,0.9988248,-1,-1,-1
36,-1,936,338,82,211,0.9957632,-1,-1,-1
36,-1,773,340,81,211,0.9826142,-1,-1,-1
36,-1,830,342,74,198,0.9410916,-1,-1,-1
36,-1,702,348,79,216,0.9275265,-1,-1,-1
13,-1,847,343,64,191,0.88399994,-1,-1,-1
448,-1,552,329,57,164,0.9997626,-1,-1,-1
448,-1,430,351,51,82,0.89524704,-1,-1,-1
438,-1,650,311,88,234,0.9600322,-1,-1,-1
320,-1,515,344,50,129,0.94412655,-1,-1,-1
945,-1,705,335,69,221,0.87912565,-1,-1,-1
945,-1,395,334,45,126,0.8544074,-1,-1,-1
945,-1,603,268,111,353,0.83362114,-1,-1,-1
625,-1,595,298,101,304,0.9133762,-1,-1,-1
625,-1,530,322,76,222,0.9064538,-1,-1,-1
625,-1,439,338,48,137,0.8582993,-1,-1,-1
223,-1,682,286,96,320,0.88361967,-1,-1,-1
476,-1,519,336,53,124,0.9796982,-1,-1,-1
476,-1,472,351,37,86,0.96645576,-1,-1,-1
961,-1,858,254,139,400,0.9697021,-1,-1,-1
961,-1,584,323,72,207,0.9501377,-1,-1,-1
961,-1,344,298,83,252,0.92686474,-1,-1,-1
961,-1,694,266,153,407,0.8602697,-1,-1,-1
961,-1,505,284,100,312,0.83752865,-1,-1,-1
98,-1,909,259,201,467,0.99643517,-1,-1,-1
98,-1,1095,299,179,406,0.9959961,-1,-1,-1
98,-1,735,353,59,135,0.9892157,-1,-1,-1
98,-1,865,330,105,267,0.96051335,-1,-1,-1
98,-1,486,319,122,280,0.9402107,-1,-1,-1
792,-1,510,332,54,137,0.9994727,-1,-1,-1
792,-1,927,262,146,421,0.9850472,-1,-1,-1
607,-1,963,287,172,423,0.99732107,-1,-1,-1
607,-1,440,334,52,137,0.98646796,-1,-1,-1
806,-1,538,322,68,174,0.999785,-1,-1,-1
806,-1,399,263,128,370,0.99572635,-1,-1,-1
806,-1,87,182,238,557,0.84679025,-1,-1,-1
806,-1,701,307,86,254,0.7076481,-1,-1,-1
5,-1,951,319,113,277,0.99911994,-1,-1,-1
5,-1,672,367,37,88,0.992277,-1,-1,-1
5,-1,614,370,34,80,0.8367966,-1,-1,-1
5,-1,730,361,42,105,0.71789294,-1,-1,-1
5,-1,655,366,35,87,0.70355725,-1,-1,-1
556,-1,501,280,148,432,0.9674741,-1,-1,-1
556,-1,1030,306,113,394,0.9563471,-1,-1,-1
974,-1,548,306,79,210,0.9856097,-1,-1,-1
974,-1,384,325,54,169,0.9785901,-1,-1,-1
974,-1,769,223,195,502,0.96131504,-1,-1,-1
974,-1,420,331,78,216,0.91831344,-1,-1,-1
974,-1,461,325,60,182,0.91544074,-1,-1,-1
974,-1,862,291,141,389,0.86653984,-1,-1,-1
986,-1,536,338,59,170,0.9974833,-1,-1,-1
986,-1,815,308,91,279,0.83387446,-1,-1,-1
836,-1,462,323,64,181,0.9994541,-1,-1,-1
836,-1,390,317,77,225,0.9942595,-1,-1,-1
836,-1,1139,289,148,426,0.93015754,-1,-1,-1
836,-1,92,179,222,565,0.8870359,-1,-1,-1
701,-1,477,322,95,228,0.70111847,-1,-1,-1
572,-1,589,338,66,208,0.9997862,-1,-1,-1
572,-1,703,325,59,167,0.94373864,-1,-1,-1
572,-1,410,306,93,266,0.87045366,-1,-1,-1
337,-1,427,351,50,87,0.9157742,-1,-1,-1
561,-1,368,326,55,163,0.9830555,-1,-1,-1
561,-1,834,317,116,317,0.9651176,-1,-1,-1
561,-1,926,240,275,469,0.8432255,-1,-1,-1
899,-1,573,341,52,140,0.7669839,-1,-1,-1
899,-1,999,239,186,469,0.7420748,-1,-1,-1
55,-1,607,281,157,382,0.79334146,-1,-1,-1
503,-1,391,325,57,162,0.9978655,-1,-1,-1
503,-1,664,321,87,224,0.9295973,-1,-1,-1
503,-1,736,295,121,333,0.9127716,-1,-1,-1
411,-1,613,316,71,215,0.98178583,-1,-1,-1
128,-1,638,360,60,96,0.7445346,-1,-1,-1
809,-1,519,330,65,158,0.999877,-1,-1,-1
809,-1,811,278,102,329,0.9966344,-1,-1,-1
809,-1,323,270,130,320,0.9552555,-1,-1,-1
809,-1,90,186,237,544,0.908421,-1,-1,-1
917,-1,502,316,71,186,0.9999188,-1,-1,-1
917,-1,415,306,83,238,0.95740235,-1,-1,-1
917,-1,682,315,65,214,0.91398925,-1,-1,-1
691,-1,933,289,146,415,0.97078055,-1,-1,-1
691,-1,411,358,37,84,0.81091666,-1,-1,-1
691,-1,438,355,35,91,0.7594208,-1,-1,-1
737,-1,453,338,56,128,0.8275543,-1,-1,-1
444,-1,580,324,60,188,0.99792296,-1,-1,-1
254,-1,610,332,70,172,0.99966717,-1,-1,-1
494,-1,643,289,100,300,0.9983936,-1,-1,-1
494,-1,852,310,115,326,0.9980292,-1,-1,-1
494,-1,456,294,101,252,0.97892797,-1,-1,-1
282,-1,958,174,267,567,0.93512154,-1,-1,-1
576,-1,388,331,59,158,0.99992394,-1,-1,-1
576,-1,559,300,110,338,0.9801333,-1,-1,-1
698,-1,565,318,97,258,0.925971,-1,-1,-1
698,-1,405,346,53,121,0.8735018,-1,-1,-1
770,-1,813,221,177,505,0.9893114,-1,-1,-1
640,-1,507,326,68,220,0.9427489,-1,-1,-1
818,-1,331,314,74,190,0.9844282,-1,-1,-1
818,-1,100,190,208,547,0.9304111,-1,-1,-1
818,-1,525,244,149,449,0.9274334,-1,-1,-1
400,-1,499,336,62,144,0.9999447,-1,-1,-1
400,-1,792,278,110,350,0.9548526,-1,-1,-1
400,-1,870,282,93,324,0.91498786,-1,-1,-1
946,-1,398,332,47,133,0.9343169,-1,-1,-1
946,-1,574,340,54,144,0.89115787,-1,-1,-1
946,-1,631,259,124,398,0.8822215,-1,-1,-1
422,-1,475,341,70,151,0.9998325,-1,-1,-1
422,-1,591,332,51,141,0.9846652,-1,-1,-1
422,-1,636,328,46,142,0.97779965,-1,-1,-1
549,-1,521,347,52,128,0.98956746,-1,-1,-1
608,-1,442,336,53,138,0.9640322,-1,-1,-1
341,-1,429,351,39,86,0.72588027,-1,-1,-1
483,-1,567,327,62,155,0.99347323,-1,-1,-1
483,-1,1015,223,204,500,0.7148759,-1,-1,-1
487,-1,551,312,72,191,0.9997632,-1,-1,-1
487,-1,690,246,138,428,0.9706936,-1,-1,-1
571,-1,595,327,70,227,0.9833454,-1,-1,-1
571,-1,696,331,59,157,0.9385406,-1,-1,-1
571,-1,386,306,90,256,0.7055912,-1,-1,-1
566,-1,359,319,67,200,0.98759127,-1,-1,-1
566,-1,698,330,92,260,0.84992117,-1,-1,-1
566,-1,484,355,46,101,0.748668,-1,-1,-1
7,-1,609,369,34,80,0.78182864,-1,-1,-1
11,-1,861,341,75,205,0.99952936,-1,-1,-1
11,-1,694,368,37,83,0.81487244,-1,-1,-1
450,-1,548,330,56,152,0.9998894,-1,-1,-1
450,-1,429,350,46,85,0.9355286,-1,-1,-1
617,-1,472,319,74,201,0.9895639,-1,-1,-1
617,-1,413,335,59,153,0.98774827,-1,-1,-1
707,-1,413,330,69,191,0.99566865,-1,-1,-1
707,-1,319,335,74,166,0.9935226,-1,-1,-1
707,-1,845,284,104,325,0.98519576,-1,-1,-1
967,-1,628,300,120,336,0.99899226,-1,-1,-1
967,-1,995,296,121,320,0.98097986,-1,-1,-1
967,-1,438,332,58,177,0.9670145,-1,-1,-1
967,-1,546,291,98,285,0.891321,-1,-1,-1
967,-1,361,274,117,325,0.86820614,-1,-1,-1
235,-1,739,330,59,167,0.9989442,-1,-1,-1
239,-1,743,340,51,144,0.9900932,-1,-1,-1
239,-1,615,356,53,98,0.89543843,-1,-1,-1
579,-1,558,340,63,169,0.9997677,-1,-1,-1
579,-1,398,333,63,168,0.99607396,-1,-1,-1
579,-1,791,270,127,411,0.9462419,-1,-1,-1
628,-1,479,333,52,153,0.99370277,-1,-1,-1
628,-1,677,277,116,377,0.925453,-1,-1,-1
951,-1,597,337,73,178,0.99835014,-1,-1,-1
951,-1,402,325,59,155,0.99656564,-1,-1,-1
951,-1,788,301,112,336,0.9961182,-1,-1,-1
951,-1,672,333,51,154,0.96871,-1,-1,-1
951,-1,912,205,239,508,0.9393034,-1,-1,-1
951,-1,898,321,106,297,0.88962156,-1,-1,-1
419,-1,498,330,76,173,0.99999046,-1,-1,-1
419,-1,638,329,55,148,0.9939678,-1,-1,-1
419,-1,576,335,63,149,0.95021176,-1,-1,-1
929,-1,402,326,53,157,0.9963617,-1,-1,-1
929,-1,795,305,93,299,0.8398744,-1,-1,-1
929,-1,575,334,43,131,0.78584725,-1,-1,-1
101,-1,951,316,129,333,0.997995,-1,-1,-1
101,-1,480,301,119,336,0.9916592,-1,-1,-1
101,-1,724,357,50,122,0.9684086,-1,-1,-1
772,-1,845,287,107,333,0.98066723,-1,-1,-1
772,-1,939,195,213,504,0.9114277,-1,-1,-1
222,-1,709,277,101,340,0.96490985,-1,-1,-1
980,-1,422,332,66,173,0.99770254,-1,-1,-1
980,-1,1054,290,196,420,0.981533,-1,-1,-1
980,-1,496,333,58,145,0.8444418,-1,-1,-1
980,-1,664,327,88,235,0.7094906,-1,-1,-1
840,-1,889,308,120,317,0.99348205,-1,-1,-1
840,-1,388,302,105,267,0.9912503,-1,-1,-1
840,-1,96,185,222,552,0.88873184,-1,-1,-1
840,-1,1005,298,164,404,0.862759,-1,-1,-1
338,-1,426,352,49,85,0.9077992,-1,-1,-1
418,-1,509,327,73,181,0.9998579,-1,-1,-1
418,-1,649,329,56,155,0.9868845,-1,-1,-1
317,-1,544,341,52,138,0.99618727,-1,-1,-1
307,-1,677,329,65,213,0.99367964,-1,-1,-1
506,-1,396,323,56,152,0.99916255,-1,-1,-1
506,-1,632,328,72,205,0.9811297,-1,-1,-1
506,-1,678,310,94,271,0.7859558,-1,-1,-1
856,-1,618,331,67,168,0.9998872,-1,-1,-1
856,-1,845,303,110,279,0.9982786,-1,-1,-1
856,-1,121,186,190,547,0.9362469,-1,-1,-1
856,-1,544,340,59,151,0.93285966,-1,-1,-1
856,-1,680,306,98,288,0.9172855,-1,-1,-1
252,-1,611,334,69,168,0.9997315,-1,-1,-1
220,-1,783,269,137,398,0.81154925,-1,-1,-1
588,-1,548,343,53,137,0.99530643,-1,-1,-1
